area,time,大数据,人工智能,区块链,云计算,生物识别
香港,2011-01-01,0,0,0,57,0
香港,2011-01-02,0,59,0,0,0
香港,2011-01-03,0,57,0,0,0
香港,2011-01-04,0,0,0,63,0
香港,2011-01-05,0,0,0,64,0
香港,2011-01-06,0,0,0,72,0
香港,2011-01-07,0,57,0,63,0
香港,2011-01-08,0,0,0,57,0
香港,2011-01-09,0,0,0,0,0
香港,2011-01-10,0,0,0,57,0
香港,2011-01-11,0,59,0,63,0
香港,2011-01-12,0,59,0,66,0
香港,2011-01-13,0,57,0,64,0
香港,2011-01-14,0,0,0,64,0
香港,2011-01-15,0,57,0,61,0
香港,2011-01-16,0,0,0,57,0
香港,2011-01-17,0,57,0,66,0
香港,2011-01-18,0,0,0,61,0
香港,2011-01-19,0,63,0,64,0
香港,2011-01-20,0,63,0,66,0
香港,2011-01-21,0,0,0,66,0
香港,2011-01-22,0,57,0,57,0
香港,2011-01-23,0,57,0,0,0
香港,2011-01-24,0,59,0,63,0
香港,2011-01-25,0,59,0,72,0
香港,2011-01-26,0,63,0,63,0
香港,2011-01-27,0,63,0,64,0
香港,2011-01-28,0,57,0,70,0
香港,2011-01-29,0,0,0,61,0
香港,2011-01-30,0,59,0,0,0
香港,2011-01-31,0,61,0,0,0
香港,2011-02-01,0,0,0,59,0
香港,2011-02-02,0,57,0,57,0
香港,2011-02-03,0,0,0,0,0
香港,2011-02-04,0,57,0,59,0
香港,2011-02-05,0,59,0,57,0
香港,2011-02-06,0,59,0,57,0
香港,2011-02-07,0,57,0,61,0
香港,2011-02-08,0,0,0,0,0
香港,2011-02-09,0,59,0,61,0
香港,2011-02-10,0,0,0,59,0
香港,2011-02-11,0,0,0,59,0
香港,2011-02-12,0,0,0,66,0
香港,2011-02-13,0,59,0,59,0
香港,2011-02-14,0,0,0,64,0
香港,2011-02-15,0,61,0,63,0
香港,2011-02-16,0,59,0,70,0
香港,2011-02-17,0,59,0,66,0
香港,2011-02-18,0,0,0,61,0
香港,2011-02-19,0,0,0,59,0
香港,2011-02-20,0,59,0,63,0
香港,2011-02-21,0,57,0,64,0
香港,2011-02-22,0,59,0,66,0
香港,2011-02-23,0,59,0,61,0
香港,2011-02-24,0,0,0,61,0
香港,2011-02-25,0,57,0,59,0
香港,2011-02-26,0,61,0,61,0
香港,2011-02-27,0,0,0,57,0
香港,2011-02-28,0,0,0,72,0
香港,2011-03-01,0,57,0,70,0
香港,2011-03-02,0,59,0,64,0
香港,2011-03-03,0,61,0,61,0
香港,2011-03-04,0,59,0,57,0
香港,2011-03-05,0,59,0,0,0
香港,2011-03-06,0,57,0,59,0
香港,2011-03-07,0,63,0,63,0
香港,2011-03-08,0,0,0,64,0
香港,2011-03-09,0,57,0,61,0
香港,2011-03-10,0,0,0,64,0
香港,2011-03-11,0,0,0,61,0
香港,2011-03-12,0,0,0,57,0
香港,2011-03-13,0,59,0,63,0
香港,2011-03-14,0,57,0,64,0
香港,2011-03-15,0,59,0,63,0
香港,2011-03-16,0,0,0,63,0
香港,2011-03-17,0,57,0,59,0
香港,2011-03-18,0,57,0,57,0
香港,2011-03-19,0,0,0,0,0
香港,2011-03-20,0,61,0,0,0
香港,2011-03-21,0,0,0,59,0
香港,2011-03-22,0,57,0,64,0
香港,2011-03-23,0,0,0,70,0
香港,2011-03-24,0,0,0,68,0
香港,2011-03-25,0,59,0,64,57
香港,2011-03-26,0,57,0,57,0
香港,2011-03-27,0,0,0,59,0
香港,2011-03-28,0,57,0,72,0
香港,2011-03-29,0,61,0,70,0
香港,2011-03-30,0,57,0,72,0
香港,2011-03-31,0,59,0,68,0
香港,2011-04-01,0,0,0,64,0
香港,2011-04-02,0,61,0,64,0
香港,2011-04-03,0,59,0,0,0
香港,2011-04-04,0,0,0,72,0
香港,2011-04-05,0,59,0,72,0
香港,2011-04-06,0,59,0,63,57
香港,2011-04-07,0,64,0,72,0
香港,2011-04-08,0,59,0,70,0
香港,2011-04-09,0,57,0,64,0
香港,2011-04-10,0,61,0,57,0
香港,2011-04-11,0,57,0,59,0
香港,2011-04-12,0,61,0,91,0
香港,2011-04-13,0,0,0,63,0
香港,2011-04-14,0,57,0,59,0
香港,2011-04-15,0,0,0,59,0
香港,2011-04-16,0,57,0,0,0
香港,2011-04-17,0,57,0,57,0
香港,2011-04-18,0,57,0,61,0
香港,2011-04-19,0,59,0,72,0
香港,2011-04-20,0,64,0,63,0
香港,2011-04-21,0,61,0,64,0
香港,2011-04-22,0,57,0,63,0
香港,2011-04-23,0,57,0,66,0
香港,2011-04-24,0,0,0,66,0
香港,2011-04-25,0,0,0,64,0
香港,2011-04-26,0,57,0,63,0
香港,2011-04-27,0,59,0,63,0
香港,2011-04-28,0,0,0,63,0
香港,2011-04-29,0,57,0,66,0
香港,2011-04-30,0,59,0,61,0
香港,2011-05-01,0,59,0,57,0
香港,2011-05-02,0,0,0,61,0
香港,2011-05-03,0,0,0,63,0
香港,2011-05-04,0,0,0,64,0
香港,2011-05-05,0,57,0,64,0
香港,2011-05-06,0,0,0,74,0
香港,2011-05-07,0,63,0,61,0
香港,2011-05-08,0,64,0,57,0
香港,2011-05-09,0,0,0,63,0
香港,2011-05-10,0,63,0,57,0
香港,2011-05-11,0,57,0,63,0
香港,2011-05-12,0,0,0,70,0
香港,2011-05-13,0,0,0,57,0
香港,2011-05-14,0,63,0,57,0
香港,2011-05-15,0,57,0,57,0
香港,2011-05-16,0,59,0,64,0
香港,2011-05-17,0,0,0,63,0
香港,2011-05-18,0,57,0,63,0
香港,2011-05-19,0,0,0,74,0
香港,2011-05-20,0,57,0,66,0
香港,2011-05-21,0,57,0,59,0
香港,2011-05-22,0,0,0,0,0
香港,2011-05-23,0,0,0,70,0
香港,2011-05-24,0,0,0,64,0
香港,2011-05-25,0,57,0,64,0
香港,2011-05-26,0,64,0,61,0
香港,2011-05-27,0,66,0,63,0
香港,2011-05-28,0,0,0,0,0
香港,2011-05-29,0,0,0,59,0
香港,2011-05-30,0,0,0,61,0
香港,2011-05-31,0,0,0,0,0
香港,2011-06-01,0,0,0,63,0
香港,2011-06-02,0,0,0,68,0
香港,2011-06-03,0,0,0,61,0
香港,2011-06-04,0,57,0,0,0
香港,2011-06-05,0,64,0,57,0
香港,2011-06-06,0,57,0,0,0
香港,2011-06-07,0,66,0,68,0
香港,2011-06-08,0,0,0,76,0
香港,2011-06-09,0,0,0,74,0
香港,2011-06-10,0,0,0,64,0
香港,2011-06-11,0,0,0,61,0
香港,2011-06-12,0,57,0,57,0
香港,2011-06-13,0,61,0,72,0
香港,2011-06-14,0,0,0,61,0
香港,2011-06-15,0,0,0,72,0
香港,2011-06-16,0,57,0,70,0
香港,2011-06-17,0,0,0,63,0
香港,2011-06-18,0,0,0,0,0
香港,2011-06-19,0,0,0,57,0
香港,2011-06-20,0,63,0,66,0
香港,2011-06-21,0,0,0,66,0
香港,2011-06-22,0,57,0,64,0
香港,2011-06-23,0,57,0,68,0
香港,2011-06-24,0,0,0,61,0
香港,2011-06-25,0,57,0,0,0
香港,2011-06-26,0,61,0,59,0
香港,2011-06-27,0,57,0,61,0
香港,2011-06-28,0,0,0,61,0
香港,2011-06-29,0,59,0,59,0
香港,2011-06-30,0,57,0,68,0
香港,2011-07-01,0,59,0,0,57
香港,2011-07-02,0,57,0,59,0
香港,2011-07-03,0,59,0,0,0
香港,2011-07-04,0,57,0,68,0
香港,2011-07-05,0,57,0,66,0
香港,2011-07-06,0,61,0,63,0
香港,2011-07-07,0,61,0,72,0
香港,2011-07-08,0,59,0,63,0
香港,2011-07-09,0,57,0,57,0
香港,2011-07-10,0,59,0,0,0
香港,2011-07-11,0,0,0,68,0
香港,2011-07-12,0,57,0,68,0
香港,2011-07-13,0,59,0,61,0
香港,2011-07-14,0,61,0,78,0
香港,2011-07-15,0,61,0,61,0
香港,2011-07-16,0,57,0,57,0
香港,2011-07-17,0,57,0,0,0
香港,2011-07-18,0,57,0,61,0
香港,2011-07-19,0,57,0,66,0
香港,2011-07-20,0,61,0,68,0
香港,2011-07-21,0,59,0,61,0
香港,2011-07-22,0,0,0,64,0
香港,2011-07-23,0,61,0,59,0
香港,2011-07-24,0,57,0,57,0
香港,2011-07-25,0,0,0,64,0
香港,2011-07-26,0,0,0,59,0
香港,2011-07-27,0,57,0,61,0
香港,2011-07-28,0,0,0,66,0
香港,2011-07-29,0,0,0,64,0
香港,2011-07-30,0,59,0,57,0
香港,2011-07-31,0,59,0,0,0
香港,2011-08-01,0,0,0,59,0
香港,2011-08-02,0,0,0,61,0
香港,2011-08-03,0,57,0,61,0
香港,2011-08-04,0,61,0,66,0
香港,2011-08-05,0,64,0,63,0
香港,2011-08-06,0,0,0,59,0
香港,2011-08-07,0,59,0,61,0
香港,2011-08-08,0,59,0,74,0
香港,2011-08-09,0,0,0,61,0
香港,2011-08-10,0,57,0,63,0
香港,2011-08-11,0,0,0,64,0
香港,2011-08-12,0,59,0,72,0
香港,2011-08-13,0,57,0,61,0
香港,2011-08-14,0,0,0,59,0
香港,2011-08-15,0,0,0,66,0
香港,2011-08-16,0,0,0,70,0
香港,2011-08-17,0,57,0,63,0
香港,2011-08-18,0,64,0,64,0
香港,2011-08-19,0,59,0,70,0
香港,2011-08-20,0,57,0,0,0
香港,2011-08-21,0,59,0,0,0
香港,2011-08-22,0,0,0,64,0
香港,2011-08-23,0,59,0,68,0
香港,2011-08-24,0,59,0,64,0
香港,2011-08-25,0,61,0,59,0
香港,2011-08-26,0,59,0,63,0
香港,2011-08-27,0,57,0,0,0
香港,2011-08-28,0,59,0,0,0
香港,2011-08-29,0,61,0,57,0
香港,2011-08-30,0,59,0,66,0
香港,2011-08-31,0,0,0,61,0
香港,2011-09-01,0,66,0,64,0
香港,2011-09-02,0,0,0,70,0
香港,2011-09-03,0,0,0,59,0
香港,2011-09-04,0,61,0,0,0
香港,2011-09-05,0,57,0,70,0
香港,2011-09-06,0,0,0,66,0
香港,2011-09-07,0,0,0,68,0
香港,2011-09-08,0,0,0,57,0
香港,2011-09-09,0,57,0,61,0
香港,2011-09-10,0,0,0,0,0
香港,2011-09-11,0,61,0,0,0
香港,2011-09-12,0,59,0,57,0
香港,2011-09-13,0,59,0,64,0
香港,2011-09-14,0,57,0,64,0
香港,2011-09-15,0,59,0,74,0
香港,2011-09-16,0,57,0,74,0
香港,2011-09-17,0,0,0,64,0
香港,2011-09-18,0,61,0,0,0
香港,2011-09-19,0,63,0,74,0
香港,2011-09-20,0,64,0,72,0
香港,2011-09-21,0,61,0,70,0
香港,2011-09-22,0,59,0,64,0
香港,2011-09-23,0,59,0,63,0
香港,2011-09-24,0,57,0,57,0
香港,2011-09-25,0,0,0,57,0
香港,2011-09-26,0,66,0,66,0
香港,2011-09-27,0,57,0,68,0
香港,2011-09-28,0,61,0,59,0
香港,2011-09-29,0,59,0,61,0
香港,2011-09-30,0,59,0,64,0
香港,2011-10-01,0,57,0,61,0
香港,2011-10-02,0,57,0,64,0
香港,2011-10-03,0,57,0,61,0
香港,2011-10-04,0,0,0,61,0
香港,2011-10-05,0,59,0,63,0
香港,2011-10-06,0,57,0,61,0
香港,2011-10-07,0,57,0,61,0
香港,2011-10-08,0,0,0,61,0
香港,2011-10-09,0,57,0,66,0
香港,2011-10-10,0,0,0,85,0
香港,2011-10-11,0,70,0,72,0
香港,2011-10-12,0,59,0,63,0
香港,2011-10-13,0,0,0,63,0
香港,2011-10-14,0,0,0,64,0
香港,2011-10-15,0,59,0,59,0
香港,2011-10-16,0,63,0,66,0
香港,2011-10-17,0,61,0,70,0
香港,2011-10-18,0,59,0,70,0
香港,2011-10-19,0,0,0,66,0
香港,2011-10-20,0,57,0,93,0
香港,2011-10-21,0,61,0,72,0
香港,2011-10-22,0,61,0,57,0
香港,2011-10-23,0,59,0,59,0
香港,2011-10-24,0,57,0,74,0
香港,2011-10-25,0,64,0,68,0
香港,2011-10-26,0,59,0,101,0
香港,2011-10-27,0,0,0,66,0
香港,2011-10-28,0,57,0,66,0
香港,2011-10-29,0,64,0,57,0
香港,2011-10-30,0,61,0,61,0
香港,2011-10-31,0,0,0,72,57
香港,2011-11-01,0,59,0,68,0
香港,2011-11-02,0,0,0,76,0
香港,2011-11-03,0,0,0,78,0
香港,2011-11-04,0,59,0,64,0
香港,2011-11-05,0,57,0,61,0
香港,2011-11-06,0,63,0,61,0
香港,2011-11-07,0,57,0,66,0
香港,2011-11-08,0,61,0,68,0
香港,2011-11-09,0,59,0,68,0
香港,2011-11-10,0,59,0,74,0
香港,2011-11-11,0,57,0,57,0
香港,2011-11-12,0,57,0,0,0
香港,2011-11-13,0,0,0,63,0
香港,2011-11-14,0,57,0,82,0
香港,2011-11-15,0,68,0,64,0
香港,2011-11-16,0,0,0,72,0
香港,2011-11-17,0,59,0,80,0
香港,2011-11-18,0,61,0,78,0
香港,2011-11-19,0,61,0,57,0
香港,2011-11-20,0,59,0,57,0
香港,2011-11-21,0,59,0,74,0
香港,2011-11-22,0,57,0,59,0
香港,2011-11-23,0,59,0,70,0
香港,2011-11-24,0,57,0,80,0
香港,2011-11-25,0,59,0,82,0
香港,2011-11-26,0,0,0,59,0
香港,2011-11-27,0,57,0,57,0
香港,2011-11-28,0,57,0,64,0
香港,2011-11-29,0,57,0,74,0
香港,2011-11-30,0,61,0,83,0
香港,2011-12-01,0,57,0,66,0
香港,2011-12-02,0,57,0,66,0
香港,2011-12-03,0,0,0,61,0
香港,2011-12-04,0,63,0,57,0
香港,2011-12-05,0,0,0,70,0
香港,2011-12-06,0,57,0,70,0
香港,2011-12-07,0,57,0,68,0
香港,2011-12-08,0,0,0,68,0
香港,2011-12-09,0,0,0,66,0
香港,2011-12-10,0,57,0,61,0
香港,2011-12-11,0,57,0,0,0
香港,2011-12-12,0,57,0,0,0
香港,2011-12-13,0,63,0,63,0
香港,2011-12-14,0,59,0,68,0
香港,2011-12-15,0,0,0,64,0
香港,2011-12-16,0,61,0,74,0
香港,2011-12-17,0,57,0,63,0
香港,2011-12-18,0,59,0,57,0
香港,2011-12-19,0,57,0,63,0
香港,2011-12-20,0,57,0,72,0
香港,2011-12-21,0,64,0,74,0
香港,2011-12-22,0,0,0,63,0
香港,2011-12-23,0,0,0,61,0
香港,2011-12-24,0,0,0,0,0
香港,2011-12-25,0,63,0,0,0
香港,2011-12-26,0,59,0,59,0
香港,2011-12-27,0,61,0,0,0
香港,2011-12-28,0,0,0,64,0
香港,2011-12-29,0,57,0,68,0
香港,2011-12-30,0,0,0,61,0
香港,2011-12-31,0,0,0,0,0
香港,2012-01-01,0,0,0,0,0
香港,2012-01-02,0,57,0,57,0
香港,2012-01-03,0,61,0,68,0
香港,2012-01-04,0,57,0,66,57
香港,2012-01-05,0,0,0,63,0
香港,2012-01-06,0,0,0,59,0
香港,2012-01-07,0,57,0,59,0
香港,2012-01-08,0,57,0,59,0
香港,2012-01-09,0,59,0,59,0
香港,2012-01-10,0,0,0,64,0
香港,2012-01-11,0,61,0,61,0
香港,2012-01-12,0,0,0,66,0
香港,2012-01-13,0,61,0,74,0
香港,2012-01-14,0,61,0,57,0
香港,2012-01-15,0,63,0,61,0
香港,2012-01-16,0,0,0,64,0
香港,2012-01-17,0,74,0,66,0
香港,2012-01-18,0,59,0,59,0
香港,2012-01-19,0,57,0,59,0
香港,2012-01-20,0,0,0,63,0
香港,2012-01-21,0,0,0,57,0
香港,2012-01-22,0,66,0,0,0
香港,2012-01-23,0,0,0,0,0
香港,2012-01-24,0,57,0,0,0
香港,2012-01-25,0,0,0,57,0
香港,2012-01-26,0,0,0,0,0
香港,2012-01-27,0,57,0,57,0
香港,2012-01-28,0,0,0,57,0
香港,2012-01-29,0,63,0,68,0
香港,2012-01-30,0,0,0,64,0
香港,2012-01-31,0,59,0,72,0
香港,2012-02-01,0,59,0,64,0
香港,2012-02-02,0,59,0,61,0
香港,2012-02-03,0,57,0,68,0
香港,2012-02-04,0,57,0,61,0
香港,2012-02-05,0,61,0,61,0
香港,2012-02-06,0,0,0,64,0
香港,2012-02-07,0,0,0,68,0
香港,2012-02-08,0,0,0,61,0
香港,2012-02-09,0,0,0,66,0
香港,2012-02-10,0,0,0,61,0
香港,2012-02-11,0,57,0,0,0
香港,2012-02-12,0,57,0,59,0
香港,2012-02-13,0,61,0,63,0
香港,2012-02-14,0,0,0,64,0
香港,2012-02-15,0,59,0,61,0
香港,2012-02-16,0,68,0,61,0
香港,2012-02-17,0,57,0,64,0
香港,2012-02-18,0,59,0,57,0
香港,2012-02-19,0,59,0,59,0
香港,2012-02-20,0,64,0,68,0
香港,2012-02-21,0,0,0,74,0
香港,2012-02-22,0,61,0,66,0
香港,2012-02-23,0,59,0,59,0
香港,2012-02-24,0,57,0,61,0
香港,2012-02-25,0,57,0,64,0
香港,2012-02-26,0,0,0,66,0
香港,2012-02-27,0,59,0,63,0
香港,2012-02-28,0,0,0,72,0
香港,2012-02-29,0,57,0,70,0
香港,2012-03-01,0,0,0,61,0
香港,2012-03-02,0,59,0,70,0
香港,2012-03-03,0,57,0,59,0
香港,2012-03-04,0,0,0,66,0
香港,2012-03-05,0,63,0,61,0
香港,2012-03-06,0,57,0,70,0
香港,2012-03-07,0,61,0,89,0
香港,2012-03-08,0,0,0,70,0
香港,2012-03-09,0,66,0,59,59
香港,2012-03-10,0,57,0,57,0
香港,2012-03-11,0,0,0,0,0
香港,2012-03-12,0,0,0,68,0
香港,2012-03-13,0,57,0,64,0
香港,2012-03-14,0,0,0,63,0
香港,2012-03-15,0,57,0,61,0
香港,2012-03-16,0,0,0,64,0
香港,2012-03-17,0,57,0,57,0
香港,2012-03-18,0,0,0,0,0
香港,2012-03-19,0,0,0,74,0
香港,2012-03-20,0,0,0,78,0
香港,2012-03-21,0,57,0,68,0
香港,2012-03-22,0,63,0,70,0
香港,2012-03-23,0,57,0,61,0
香港,2012-03-24,0,57,0,59,0
香港,2012-03-25,0,57,0,63,0
香港,2012-03-26,0,63,0,70,0
香港,2012-03-27,0,0,0,63,0
香港,2012-03-28,0,57,0,72,0
香港,2012-03-29,0,63,0,70,0
香港,2012-03-30,0,61,0,63,0
香港,2012-03-31,0,63,0,61,0
香港,2012-04-01,0,57,0,61,0
香港,2012-04-02,0,0,0,57,0
香港,2012-04-03,0,0,0,63,0
香港,2012-04-04,0,0,0,59,0
香港,2012-04-05,0,61,0,61,0
香港,2012-04-06,0,0,0,64,0
香港,2012-04-07,0,0,0,61,0
香港,2012-04-08,0,0,0,59,0
香港,2012-04-09,0,57,0,59,0
香港,2012-04-10,0,59,0,64,59
香港,2012-04-11,0,57,0,64,0
香港,2012-04-12,0,0,0,66,0
香港,2012-04-13,0,0,0,61,0
香港,2012-04-14,0,57,0,57,0
香港,2012-04-15,0,57,0,57,0
香港,2012-04-16,0,0,0,63,0
香港,2012-04-17,0,63,0,64,0
香港,2012-04-18,0,57,0,64,0
香港,2012-04-19,0,0,0,70,0
香港,2012-04-20,0,63,0,64,0
香港,2012-04-21,0,59,0,0,0
香港,2012-04-22,0,57,0,64,0
香港,2012-04-23,0,59,0,59,0
香港,2012-04-24,0,57,0,61,0
香港,2012-04-25,0,59,0,64,0
香港,2012-04-26,0,57,0,63,0
香港,2012-04-27,0,61,0,66,0
香港,2012-04-28,0,57,0,59,0
香港,2012-04-29,0,57,0,57,0
香港,2012-04-30,0,57,0,61,0
香港,2012-05-01,0,0,0,0,0
香港,2012-05-02,0,0,0,0,0
香港,2012-05-03,0,0,0,63,0
香港,2012-05-04,0,0,0,64,0
香港,2012-05-05,0,57,0,61,0
香港,2012-05-06,0,66,0,63,0
香港,2012-05-07,0,61,0,64,0
香港,2012-05-08,0,57,0,64,0
香港,2012-05-09,0,59,0,64,0
香港,2012-05-10,0,59,0,70,57
香港,2012-05-11,0,0,0,66,0
香港,2012-05-12,0,57,0,0,0
香港,2012-05-13,0,61,0,0,0
香港,2012-05-14,0,0,0,66,59
香港,2012-05-15,0,57,0,57,0
香港,2012-05-16,0,57,0,64,0
香港,2012-05-17,0,57,0,61,0
香港,2012-05-18,0,59,0,61,0
香港,2012-05-19,0,0,0,57,0
香港,2012-05-20,0,59,0,57,0
香港,2012-05-21,0,57,0,0,0
香港,2012-05-22,0,0,0,59,0
香港,2012-05-23,0,59,0,70,0
香港,2012-05-24,0,57,0,61,0
香港,2012-05-25,0,61,0,66,0
香港,2012-05-26,0,57,0,57,0
香港,2012-05-27,0,59,0,59,0
香港,2012-05-28,0,57,0,57,0
香港,2012-05-29,0,57,0,61,0
香港,2012-05-30,59,0,0,64,0
香港,2012-05-31,0,57,0,0,0
香港,2012-06-01,0,61,0,59,0
香港,2012-06-02,0,59,0,0,0
香港,2012-06-03,0,61,0,57,0
香港,2012-06-04,57,59,0,61,0
香港,2012-06-05,0,57,0,63,0
香港,2012-06-06,57,0,0,61,0
香港,2012-06-07,0,0,0,61,0
香港,2012-06-08,0,0,0,59,0
香港,2012-06-09,0,59,0,0,0
香港,2012-06-10,0,57,0,0,0
香港,2012-06-11,0,0,0,57,0
香港,2012-06-12,0,61,0,64,0
香港,2012-06-13,57,0,0,61,0
香港,2012-06-14,0,0,0,61,0
香港,2012-06-15,0,57,0,72,0
香港,2012-06-16,0,57,0,57,0
香港,2012-06-17,0,0,0,0,0
香港,2012-06-18,0,57,0,61,0
香港,2012-06-19,0,57,0,63,0
香港,2012-06-20,57,57,0,63,0
香港,2012-06-21,59,59,0,61,0
香港,2012-06-22,0,57,0,57,0
香港,2012-06-23,0,0,0,0,0
香港,2012-06-24,0,0,0,57,0
香港,2012-06-25,0,0,0,70,0
香港,2012-06-26,0,59,0,63,0
香港,2012-06-27,57,0,0,61,0
香港,2012-06-28,0,0,0,59,0
香港,2012-06-29,0,57,0,63,0
香港,2012-06-30,0,59,0,0,0
香港,2012-07-01,0,57,0,0,0
香港,2012-07-02,0,57,0,59,0
香港,2012-07-03,57,0,0,59,0
香港,2012-07-04,0,0,0,66,0
香港,2012-07-05,0,59,0,57,0
香港,2012-07-06,0,57,0,63,0
香港,2012-07-07,0,59,0,0,0
香港,2012-07-08,0,57,0,57,0
香港,2012-07-09,0,59,0,59,0
香港,2012-07-10,0,66,0,57,0
香港,2012-07-11,61,57,0,57,0
香港,2012-07-12,57,59,0,61,0
香港,2012-07-13,59,57,0,68,0
香港,2012-07-14,0,57,0,61,0
香港,2012-07-15,0,0,0,0,0
香港,2012-07-16,0,57,0,64,0
香港,2012-07-17,59,59,0,64,0
香港,2012-07-18,0,0,0,59,0
香港,2012-07-19,0,59,0,64,0
香港,2012-07-20,0,57,0,61,0
香港,2012-07-21,0,0,0,57,0
香港,2012-07-22,0,0,0,0,0
香港,2012-07-23,0,63,0,66,0
香港,2012-07-24,0,59,0,57,0
香港,2012-07-25,0,57,0,59,0
香港,2012-07-26,0,57,0,57,0
香港,2012-07-27,0,0,0,59,0
香港,2012-07-28,57,57,0,0,0
香港,2012-07-29,0,0,0,0,0
香港,2012-07-30,0,0,0,59,0
香港,2012-07-31,0,0,0,59,0
香港,2012-08-01,0,59,0,59,0
香港,2012-08-02,57,57,0,64,0
香港,2012-08-03,0,64,0,0,0
香港,2012-08-04,0,0,0,0,0
香港,2012-08-05,0,57,0,0,0
香港,2012-08-06,0,0,0,63,0
香港,2012-08-07,57,0,0,61,0
香港,2012-08-08,0,57,0,57,0
香港,2012-08-09,0,0,0,59,0
香港,2012-08-10,57,61,0,61,0
香港,2012-08-11,0,0,0,0,0
香港,2012-08-12,0,0,0,61,0
香港,2012-08-13,57,0,0,59,0
香港,2012-08-14,0,59,0,61,0
香港,2012-08-15,0,59,0,57,0
香港,2012-08-16,0,61,0,57,0
香港,2012-08-17,0,57,0,57,0
香港,2012-08-18,0,0,0,0,0
香港,2012-08-19,0,59,0,0,0
香港,2012-08-20,0,0,0,59,0
香港,2012-08-21,0,57,0,66,0
香港,2012-08-22,0,57,0,0,0
香港,2012-08-23,59,57,0,63,0
香港,2012-08-24,61,0,0,61,0
香港,2012-08-25,57,0,0,0,0
香港,2012-08-26,0,57,0,59,0
香港,2012-08-27,59,59,0,68,0
香港,2012-08-28,0,0,0,63,61
香港,2012-08-29,0,0,0,68,0
香港,2012-08-30,0,57,0,63,0
香港,2012-08-31,0,0,0,63,0
香港,2012-09-01,0,57,0,0,0
香港,2012-09-02,0,0,0,59,0
香港,2012-09-03,0,0,0,70,0
香港,2012-09-04,59,59,0,59,0
香港,2012-09-05,0,57,0,59,0
香港,2012-09-06,0,57,0,57,0
香港,2012-09-07,0,0,0,59,0
香港,2012-09-08,0,0,0,59,0
香港,2012-09-09,0,57,0,57,0
香港,2012-09-10,0,57,0,61,0
香港,2012-09-11,0,0,0,59,0
香港,2012-09-12,0,0,0,61,0
香港,2012-09-13,57,57,0,63,0
香港,2012-09-14,59,57,0,61,0
香港,2012-09-15,0,0,0,0,0
香港,2012-09-16,0,61,0,59,0
香港,2012-09-17,0,0,0,59,0
香港,2012-09-18,0,59,0,61,0
香港,2012-09-19,57,0,0,59,0
香港,2012-09-20,59,0,0,64,0
香港,2012-09-21,0,57,0,63,0
香港,2012-09-22,0,0,0,0,0
香港,2012-09-23,0,0,0,59,0
香港,2012-09-24,57,57,0,61,0
香港,2012-09-25,59,0,0,63,0
香港,2012-09-26,0,59,0,57,0
香港,2012-09-27,0,0,0,61,0
香港,2012-09-28,0,59,0,59,0
香港,2012-09-29,57,0,0,59,0
香港,2012-09-30,0,57,0,0,0
香港,2012-10-01,0,57,0,57,0
香港,2012-10-02,0,57,0,0,0
香港,2012-10-03,0,0,0,61,0
香港,2012-10-04,0,0,0,0,0
香港,2012-10-05,57,57,0,59,0
香港,2012-10-06,0,57,0,59,0
香港,2012-10-07,0,59,0,0,0
香港,2012-10-08,0,0,0,70,0
香港,2012-10-09,0,57,0,64,0
香港,2012-10-10,61,61,0,61,0
香港,2012-10-11,0,0,0,66,0
香港,2012-10-12,57,0,0,59,0
香港,2012-10-13,0,70,0,61,0
香港,2012-10-14,0,57,0,63,0
香港,2012-10-15,57,0,0,59,0
香港,2012-10-16,0,0,0,0,0
香港,2012-10-17,57,57,0,59,0
香港,2012-10-18,0,57,0,57,0
香港,2012-10-19,0,0,0,64,0
香港,2012-10-20,0,72,0,61,0
香港,2012-10-21,0,59,0,63,0
香港,2012-10-22,0,57,0,59,0
香港,2012-10-23,0,0,0,66,0
香港,2012-10-24,0,61,0,64,0
香港,2012-10-25,59,57,0,68,0
香港,2012-10-26,57,0,0,63,0
香港,2012-10-27,0,57,0,61,0
香港,2012-10-28,0,0,0,59,0
香港,2012-10-29,0,61,0,63,57
香港,2012-10-30,57,0,0,66,0
香港,2012-10-31,59,59,0,64,0
香港,2012-11-01,0,0,0,61,0
香港,2012-11-02,57,59,0,63,0
香港,2012-11-03,0,57,0,0,0
香港,2012-11-04,0,59,0,64,0
香港,2012-11-05,0,59,0,63,0
香港,2012-11-06,0,59,0,70,0
香港,2012-11-07,59,59,0,0,0
香港,2012-11-08,0,0,0,63,0
香港,2012-11-09,57,0,0,66,0
香港,2012-11-10,0,57,0,57,0
香港,2012-11-11,0,57,0,57,0
香港,2012-11-12,57,0,0,70,0
香港,2012-11-13,0,59,0,61,0
香港,2012-11-14,0,61,0,61,0
香港,2012-11-15,0,61,0,57,57
香港,2012-11-16,0,66,0,57,0
香港,2012-11-17,57,57,0,59,0
香港,2012-11-18,59,0,0,57,0
香港,2012-11-19,0,0,0,64,0
香港,2012-11-20,0,57,0,59,0
香港,2012-11-21,59,57,0,66,0
香港,2012-11-22,57,59,0,64,0
香港,2012-11-23,0,57,0,61,0
香港,2012-11-24,0,57,0,59,0
香港,2012-11-25,59,61,0,59,0
香港,2012-11-26,57,59,0,57,0
香港,2012-11-27,59,59,0,64,0
香港,2012-11-28,0,57,0,61,0
香港,2012-11-29,0,57,0,59,0
香港,2012-11-30,61,61,0,63,0
香港,2012-12-01,0,0,0,64,0
香港,2012-12-02,0,0,0,63,0
香港,2012-12-03,61,57,0,64,0
香港,2012-12-04,57,59,0,68,0
香港,2012-12-05,57,0,0,59,0
香港,2012-12-06,0,59,0,64,0
香港,2012-12-07,0,57,0,63,0
香港,2012-12-08,0,61,0,61,0
香港,2012-12-09,0,59,0,0,0
香港,2012-12-10,61,0,0,59,0
香港,2012-12-11,57,57,0,63,0
香港,2012-12-12,63,57,0,59,0
香港,2012-12-13,63,61,0,57,0
香港,2012-12-14,63,57,0,64,0
香港,2012-12-15,57,0,0,0,0
香港,2012-12-16,0,57,0,59,57
香港,2012-12-17,59,59,0,63,0
香港,2012-12-18,57,59,0,57,0
香港,2012-12-19,59,57,0,63,0
香港,2012-12-20,59,0,0,0,0
香港,2012-12-21,59,57,0,61,0
香港,2012-12-22,0,0,0,0,0
香港,2012-12-23,0,0,0,0,0
香港,2012-12-24,0,57,0,61,0
香港,2012-12-25,0,59,0,57,0
香港,2012-12-26,0,57,0,0,0
香港,2012-12-27,0,0,0,64,0
香港,2012-12-28,59,0,0,59,0
香港,2012-12-29,0,0,0,59,0
香港,2012-12-30,0,59,0,0,0
香港,2012-12-31,0,0,0,57,0
香港,2013-01-01,57,63,0,0,0
香港,2013-01-02,57,0,0,0,0
香港,2013-01-03,57,66,0,63,0
香港,2013-01-04,61,0,0,61,0
香港,2013-01-05,59,0,0,59,0
香港,2013-01-06,57,57,0,64,0
香港,2013-01-07,57,0,0,61,0
香港,2013-01-08,61,57,0,57,0
香港,2013-01-09,57,63,0,59,0
香港,2013-01-10,61,57,0,59,0
香港,2013-01-11,59,57,0,59,0
香港,2013-01-12,0,57,0,57,0
香港,2013-01-13,0,59,0,0,0
香港,2013-01-14,57,0,0,61,0
香港,2013-01-15,61,0,0,61,0
香港,2013-01-16,57,57,0,0,0
香港,2013-01-17,0,57,0,61,0
香港,2013-01-18,59,0,0,59,0
香港,2013-01-19,57,59,0,0,0
香港,2013-01-20,0,0,0,57,0
香港,2013-01-21,0,59,0,63,0
香港,2013-01-22,59,59,0,66,0
香港,2013-01-23,0,57,0,57,0
香港,2013-01-24,57,59,0,63,0
香港,2013-01-25,59,64,0,64,0
香港,2013-01-26,0,0,0,0,0
香港,2013-01-27,0,57,0,57,0
香港,2013-01-28,57,0,0,59,0
香港,2013-01-29,0,61,0,59,0
香港,2013-01-30,61,57,0,64,0
香港,2013-01-31,59,0,0,64,0
香港,2013-02-01,59,59,0,57,0
香港,2013-02-02,57,59,0,0,0
香港,2013-02-03,0,59,0,57,0
香港,2013-02-04,0,66,0,64,0
香港,2013-02-05,0,57,0,57,0
香港,2013-02-06,0,59,0,63,0
香港,2013-02-07,0,61,0,61,0
香港,2013-02-08,0,0,0,0,0
香港,2013-02-09,0,0,0,0,0
香港,2013-02-10,0,59,0,0,0
香港,2013-02-11,0,0,0,57,0
香港,2013-02-12,0,66,0,0,0
香港,2013-02-13,0,0,0,57,0
香港,2013-02-14,0,0,0,0,0
香港,2013-02-15,0,57,0,57,0
香港,2013-02-16,66,0,0,59,0
香港,2013-02-17,0,61,0,57,0
香港,2013-02-18,63,0,0,63,0
香港,2013-02-19,59,59,0,0,0
香港,2013-02-20,0,57,0,57,0
香港,2013-02-21,57,57,0,64,0
香港,2013-02-22,64,57,0,64,0
香港,2013-02-23,57,59,0,59,0
香港,2013-02-24,0,66,0,0,0
香港,2013-02-25,0,0,0,64,0
香港,2013-02-26,57,63,0,59,0
香港,2013-02-27,63,0,0,64,0
香港,2013-02-28,61,57,0,61,0
香港,2013-03-01,57,0,0,0,0
香港,2013-03-02,0,63,0,57,0
香港,2013-03-03,0,66,0,57,0
香港,2013-03-04,63,0,0,61,0
香港,2013-03-05,59,66,0,59,0
香港,2013-03-06,66,57,0,59,0
香港,2013-03-07,59,57,0,61,0
香港,2013-03-08,59,57,0,63,0
香港,2013-03-09,0,63,0,57,0
香港,2013-03-10,57,66,0,63,0
香港,2013-03-11,64,57,0,66,0
香港,2013-03-12,0,64,0,59,0
香港,2013-03-13,59,64,0,64,0
香港,2013-03-14,57,0,0,61,0
香港,2013-03-15,0,64,0,63,0
香港,2013-03-16,57,64,0,0,0
香港,2013-03-17,57,57,0,59,0
香港,2013-03-18,0,57,0,64,0
香港,2013-03-19,0,61,0,63,0
香港,2013-03-20,57,0,0,63,0
香港,2013-03-21,61,0,0,68,0
香港,2013-03-22,57,57,0,59,0
香港,2013-03-23,0,0,0,61,0
香港,2013-03-24,57,57,0,57,0
香港,2013-03-25,61,59,0,61,0
香港,2013-03-26,57,61,0,63,0
香港,2013-03-27,61,68,0,63,57
香港,2013-03-28,57,0,0,63,0
香港,2013-03-29,59,0,0,0,0
香港,2013-03-30,0,57,0,59,0
香港,2013-03-31,0,64,0,57,0
香港,2013-04-01,63,63,0,57,0
香港,2013-04-02,59,57,0,0,0
香港,2013-04-03,57,59,0,61,0
香港,2013-04-04,59,0,0,68,0
香港,2013-04-05,0,57,0,57,0
香港,2013-04-06,0,57,0,63,0
香港,2013-04-07,61,57,0,63,0
香港,2013-04-08,57,59,0,57,0
香港,2013-04-09,61,57,0,66,0
香港,2013-04-10,59,61,0,57,0
香港,2013-04-11,59,57,0,63,0
香港,2013-04-12,59,0,0,57,0
香港,2013-04-13,59,0,0,59,0
香港,2013-04-14,61,0,0,57,0
香港,2013-04-15,70,0,0,57,0
香港,2013-04-16,70,57,0,63,0
香港,2013-04-17,64,0,0,59,57
香港,2013-04-18,61,59,0,61,0
香港,2013-04-19,63,59,0,61,0
香港,2013-04-20,57,0,0,63,0
香港,2013-04-21,63,0,0,63,0
香港,2013-04-22,57,57,0,70,57
香港,2013-04-23,57,57,0,64,0
香港,2013-04-24,61,59,0,64,0
香港,2013-04-25,59,59,0,0,0
香港,2013-04-26,59,57,0,61,0
香港,2013-04-27,61,57,0,0,0
香港,2013-04-28,59,57,0,0,0
香港,2013-04-29,64,59,0,61,0
香港,2013-04-30,61,57,0,59,0
香港,2013-05-01,0,57,0,57,0
香港,2013-05-02,57,59,0,63,0
香港,2013-05-03,59,57,0,57,0
香港,2013-05-04,57,59,0,0,0
香港,2013-05-05,59,57,0,61,0
香港,2013-05-06,57,0,0,63,0
香港,2013-05-07,57,59,0,63,0
香港,2013-05-08,61,59,0,64,0
香港,2013-05-09,61,61,0,64,0
香港,2013-05-10,63,57,0,0,0
香港,2013-05-11,59,0,0,57,0
香港,2013-05-12,0,0,0,0,0
香港,2013-05-13,61,0,0,64,0
香港,2013-05-14,72,0,0,63,0
香港,2013-05-15,57,66,0,57,0
香港,2013-05-16,61,57,0,61,0
香港,2013-05-17,57,57,0,0,0
香港,2013-05-18,0,61,0,59,0
香港,2013-05-19,57,59,0,0,0
香港,2013-05-20,68,57,0,0,57
香港,2013-05-21,61,61,0,64,0
香港,2013-05-22,59,59,0,57,0
香港,2013-05-23,74,0,0,0,0
香港,2013-05-24,57,57,0,57,0
香港,2013-05-25,0,59,0,57,0
香港,2013-05-26,57,0,0,57,0
香港,2013-05-27,63,59,0,63,0
香港,2013-05-28,59,61,0,63,0
香港,2013-05-29,57,59,0,66,0
香港,2013-05-30,59,61,0,61,0
香港,2013-05-31,61,0,0,57,0
香港,2013-06-01,57,57,0,0,0
香港,2013-06-02,0,59,0,0,0
香港,2013-06-03,64,59,0,61,0
香港,2013-06-04,64,0,0,57,0
香港,2013-06-05,64,61,0,66,0
香港,2013-06-06,0,59,0,59,0
香港,2013-06-07,59,57,0,59,0
香港,2013-06-08,57,57,0,0,0
香港,2013-06-09,59,0,0,59,0
香港,2013-06-10,57,0,0,59,0
香港,2013-06-11,0,57,0,0,0
香港,2013-06-12,57,0,0,0,0
香港,2013-06-13,57,59,0,0,0
香港,2013-06-14,61,59,0,59,0
香港,2013-06-15,0,59,0,57,0
香港,2013-06-16,57,0,0,0,0
香港,2013-06-17,57,59,0,66,0
香港,2013-06-18,59,57,0,59,0
香港,2013-06-19,59,0,0,61,0
香港,2013-06-20,66,0,0,59,0
香港,2013-06-21,59,57,0,59,0
香港,2013-06-22,0,61,0,0,0
香港,2013-06-23,0,57,0,0,0
香港,2013-06-24,57,57,0,57,57
香港,2013-06-25,59,61,0,63,0
香港,2013-06-26,57,57,0,57,0
香港,2013-06-27,59,0,0,59,0
香港,2013-06-28,61,0,0,59,0
香港,2013-06-29,0,0,0,57,0
香港,2013-06-30,0,0,0,0,0
香港,2013-07-01,63,59,0,57,0
香港,2013-07-02,57,0,0,63,0
香港,2013-07-03,0,68,0,57,0
香港,2013-07-04,59,57,0,59,0
香港,2013-07-05,59,61,0,57,0
香港,2013-07-06,0,57,0,57,0
香港,2013-07-07,0,61,0,0,0
香港,2013-07-08,59,0,0,0,0
香港,2013-07-09,57,57,0,61,0
香港,2013-07-10,68,57,0,61,0
香港,2013-07-11,63,57,0,0,0
香港,2013-07-12,57,57,0,0,0
香港,2013-07-13,57,57,0,0,0
香港,2013-07-14,0,59,0,57,0
香港,2013-07-15,59,57,0,59,0
香港,2013-07-16,63,64,0,57,0
香港,2013-07-17,57,0,0,61,0
香港,2013-07-18,61,64,0,57,0
香港,2013-07-19,0,59,0,59,0
香港,2013-07-20,0,59,0,0,0
香港,2013-07-21,57,57,0,59,0
香港,2013-07-22,64,59,0,57,0
香港,2013-07-23,57,61,0,59,0
香港,2013-07-24,57,57,0,57,0
香港,2013-07-25,64,59,0,59,0
香港,2013-07-26,0,57,0,63,0
香港,2013-07-27,0,57,0,0,0
香港,2013-07-28,0,57,0,0,0
香港,2013-07-29,61,57,0,57,0
香港,2013-07-30,59,57,0,0,0
香港,2013-07-31,0,59,0,57,0
香港,2013-08-01,59,63,0,57,0
香港,2013-08-02,63,57,0,0,0
香港,2013-08-03,57,59,0,59,0
香港,2013-08-04,0,0,0,0,0
香港,2013-08-05,57,0,0,57,0
香港,2013-08-06,0,0,0,57,0
香港,2013-08-07,57,0,0,57,0
香港,2013-08-08,59,59,0,57,0
香港,2013-08-09,57,0,0,59,0
香港,2013-08-10,59,59,0,0,0
香港,2013-08-11,61,59,0,59,0
香港,2013-08-12,57,0,0,61,0
香港,2013-08-13,0,57,0,57,0
香港,2013-08-14,57,59,0,57,59
香港,2013-08-15,57,57,0,63,0
香港,2013-08-16,57,57,0,57,0
香港,2013-08-17,57,57,0,57,0
香港,2013-08-18,57,57,0,0,0
香港,2013-08-19,61,61,0,57,0
香港,2013-08-20,61,0,0,64,0
香港,2013-08-21,63,0,0,0,0
香港,2013-08-22,57,57,0,57,0
香港,2013-08-23,63,0,0,57,0
香港,2013-08-24,0,0,0,0,0
香港,2013-08-25,57,0,0,0,0
香港,2013-08-26,57,64,0,63,0
香港,2013-08-27,59,57,0,57,0
香港,2013-08-28,57,0,0,59,0
香港,2013-08-29,64,0,0,0,0
香港,2013-08-30,0,63,0,57,0
香港,2013-08-31,57,57,0,57,0
香港,2013-09-01,59,0,0,59,0
香港,2013-09-02,63,57,0,61,0
香港,2013-09-03,66,57,0,59,0
香港,2013-09-04,57,57,0,59,0
香港,2013-09-05,66,57,0,61,0
香港,2013-09-06,0,57,0,61,0
香港,2013-09-07,64,57,0,0,0
香港,2013-09-08,59,57,0,59,0
香港,2013-09-09,63,59,0,0,0
香港,2013-09-10,78,59,0,59,0
香港,2013-09-11,76,57,0,57,0
香港,2013-09-12,82,0,0,61,0
香港,2013-09-13,76,0,0,57,0
香港,2013-09-14,57,59,0,61,0
香港,2013-09-15,57,59,0,61,0
香港,2013-09-16,57,57,0,59,0
香港,2013-09-17,61,0,0,0,0
香港,2013-09-18,59,59,0,59,0
香港,2013-09-19,59,57,0,59,0
香港,2013-09-20,0,59,0,57,0
香港,2013-09-21,61,57,0,0,57
香港,2013-09-22,59,63,0,64,0
香港,2013-09-23,61,57,0,57,0
香港,2013-09-24,59,64,0,57,0
香港,2013-09-25,61,0,0,66,0
香港,2013-09-26,68,0,0,57,59
香港,2013-09-27,57,0,0,59,0
香港,2013-09-28,63,59,0,61,0
香港,2013-09-29,64,59,0,61,0
香港,2013-09-30,68,57,0,64,0
香港,2013-10-01,59,61,0,61,0
香港,2013-10-02,59,0,0,57,0
香港,2013-10-03,59,61,0,61,0
香港,2013-10-04,0,59,0,59,0
香港,2013-10-05,57,59,0,61,0
香港,2013-10-06,57,61,0,0,0
香港,2013-10-07,57,59,0,57,0
香港,2013-10-08,63,0,0,57,0
香港,2013-10-09,63,64,0,59,0
香港,2013-10-10,63,57,0,57,0
香港,2013-10-11,0,0,0,63,0
香港,2013-10-12,64,0,0,61,0
香港,2013-10-13,57,59,0,0,0
香港,2013-10-14,59,59,0,57,0
香港,2013-10-15,57,59,0,68,0
香港,2013-10-16,64,57,0,61,0
香港,2013-10-17,61,57,0,59,0
香港,2013-10-18,57,57,0,59,0
香港,2013-10-19,59,59,0,0,0
香港,2013-10-20,63,57,0,0,0
香港,2013-10-21,66,61,0,63,0
香港,2013-10-22,68,57,0,63,0
香港,2013-10-23,72,59,0,66,0
香港,2013-10-24,82,57,0,63,0
香港,2013-10-25,59,57,0,64,0
香港,2013-10-26,0,0,0,0,0
香港,2013-10-27,61,59,0,57,0
香港,2013-10-28,63,57,0,57,0
香港,2013-10-29,57,57,0,0,0
香港,2013-10-30,61,0,0,64,0
香港,2013-10-31,61,59,0,0,0
香港,2013-11-01,64,57,0,57,0
香港,2013-11-02,0,63,0,57,0
香港,2013-11-03,61,0,0,61,0
香港,2013-11-04,63,0,0,63,0
香港,2013-11-05,63,57,0,59,0
香港,2013-11-06,61,57,0,57,0
香港,2013-11-07,59,57,0,57,0
香港,2013-11-08,61,61,0,0,0
香港,2013-11-09,57,59,0,57,0
香港,2013-11-10,57,57,0,0,0
香港,2013-11-11,57,61,0,57,0
香港,2013-11-12,59,57,0,0,0
香港,2013-11-13,0,63,0,63,57
香港,2013-11-14,59,0,0,59,0
香港,2013-11-15,59,59,0,57,0
香港,2013-11-16,57,63,0,61,0
香港,2013-11-17,59,61,0,61,0
香港,2013-11-18,63,59,0,59,0
香港,2013-11-19,61,57,0,66,0
香港,2013-11-20,59,59,0,59,0
香港,2013-11-21,63,0,0,63,0
香港,2013-11-22,63,57,0,59,0
香港,2013-11-23,59,0,0,61,0
香港,2013-11-24,57,57,0,0,0
香港,2013-11-25,70,63,0,59,0
香港,2013-11-26,68,63,0,68,0
香港,2013-11-27,66,57,0,66,0
香港,2013-11-28,61,63,0,61,0
香港,2013-11-29,59,59,0,61,0
香港,2013-11-30,0,0,0,0,0
香港,2013-12-01,0,59,0,59,0
香港,2013-12-02,57,59,0,70,0
香港,2013-12-03,61,59,0,63,0
香港,2013-12-04,61,59,0,61,0
香港,2013-12-05,61,57,0,0,0
香港,2013-12-06,57,59,0,0,0
香港,2013-12-07,57,59,0,0,0
香港,2013-12-08,57,61,0,61,0
香港,2013-12-09,64,64,0,59,0
香港,2013-12-10,64,61,0,63,0
香港,2013-12-11,64,57,0,61,0
香港,2013-12-12,0,61,0,61,64
香港,2013-12-13,59,68,0,59,0
香港,2013-12-14,57,61,0,59,0
香港,2013-12-15,59,59,0,57,0
香港,2013-12-16,63,59,0,59,0
香港,2013-12-17,61,57,0,59,0
香港,2013-12-18,63,61,0,72,0
香港,2013-12-19,61,0,0,68,0
香港,2013-12-20,57,66,0,0,0
香港,2013-12-21,57,57,0,0,0
香港,2013-12-22,0,0,0,57,0
香港,2013-12-23,57,72,0,59,0
香港,2013-12-24,59,0,0,57,0
香港,2013-12-25,0,0,0,57,0
香港,2013-12-26,61,59,0,0,0
香港,2013-12-27,0,0,0,72,0
香港,2013-12-28,57,57,0,0,0
香港,2013-12-29,57,57,0,0,0
香港,2013-12-30,57,59,0,59,0
香港,2013-12-31,59,0,0,61,0
香港,2014-01-01,0,59,0,0,0
香港,2014-01-02,61,0,0,61,0
香港,2014-01-03,61,0,0,63,0
香港,2014-01-04,57,59,0,57,0
香港,2014-01-05,63,64,0,57,0
香港,2014-01-06,63,57,0,57,0
香港,2014-01-07,59,0,0,59,0
香港,2014-01-08,64,57,0,57,0
香港,2014-01-09,68,64,0,63,0
香港,2014-01-10,57,59,0,57,57
香港,2014-01-11,57,57,0,0,0
香港,2014-01-12,59,57,0,0,0
香港,2014-01-13,63,57,0,66,0
香港,2014-01-14,0,61,0,59,0
香港,2014-01-15,61,57,0,59,0
香港,2014-01-16,61,57,0,63,0
香港,2014-01-17,57,59,0,57,0
香港,2014-01-18,59,57,0,57,0
香港,2014-01-19,0,57,0,57,0
香港,2014-01-20,61,59,0,59,0
香港,2014-01-21,63,59,0,61,0
香港,2014-01-22,61,63,0,63,0
香港,2014-01-23,57,57,0,57,0
香港,2014-01-24,64,0,0,59,0
香港,2014-01-25,0,59,0,57,0
香港,2014-01-26,57,63,0,0,0
香港,2014-01-27,66,59,0,61,0
香港,2014-01-28,59,0,0,0,0
香港,2014-01-29,59,57,0,57,0
香港,2014-01-30,0,0,0,0,0
香港,2014-01-31,57,0,0,57,0
香港,2014-02-01,0,0,0,0,0
香港,2014-02-02,57,57,0,0,0
香港,2014-02-03,0,0,0,0,0
香港,2014-02-04,57,0,0,0,0
香港,2014-02-05,57,57,0,61,0
香港,2014-02-06,57,57,0,61,0
香港,2014-02-07,63,63,0,63,0
香港,2014-02-08,64,61,0,57,0
香港,2014-02-09,59,57,0,0,0
香港,2014-02-10,68,59,0,57,0
香港,2014-02-11,72,0,0,57,0
香港,2014-02-12,64,59,0,59,0
香港,2014-02-13,59,61,0,64,0
香港,2014-02-14,68,57,0,0,0
香港,2014-02-15,57,0,0,59,0
香港,2014-02-16,0,0,0,57,0
香港,2014-02-17,66,59,0,59,0
香港,2014-02-18,61,57,0,64,0
香港,2014-02-19,82,0,0,57,0
香港,2014-02-20,68,66,0,59,0
香港,2014-02-21,64,63,0,57,0
香港,2014-02-22,57,59,0,63,0
香港,2014-02-23,61,61,0,64,0
香港,2014-02-24,64,0,0,61,0
香港,2014-02-25,61,59,0,63,0
香港,2014-02-26,63,59,0,59,0
香港,2014-02-27,64,61,0,63,0
香港,2014-02-28,61,0,0,66,0
香港,2014-03-01,0,59,0,59,0
香港,2014-03-02,61,0,0,59,0
香港,2014-03-03,63,61,0,57,0
香港,2014-03-04,64,64,0,59,0
香港,2014-03-05,64,63,0,57,0
香港,2014-03-06,57,61,0,57,0
香港,2014-03-07,57,63,0,59,0
香港,2014-03-08,64,57,0,61,0
香港,2014-03-09,63,0,0,57,0
香港,2014-03-10,57,57,0,63,0
香港,2014-03-11,63,0,0,61,0
香港,2014-03-12,61,59,0,59,0
香港,2014-03-13,68,59,0,66,0
香港,2014-03-14,59,0,0,59,0
香港,2014-03-15,63,57,0,63,0
香港,2014-03-16,59,59,0,57,0
香港,2014-03-17,61,57,0,59,0
香港,2014-03-18,61,64,0,66,0
香港,2014-03-19,76,57,0,64,0
香港,2014-03-20,64,57,0,66,0
香港,2014-03-21,57,64,0,59,0
香港,2014-03-22,57,66,0,70,0
香港,2014-03-23,59,0,0,0,0
香港,2014-03-24,68,57,0,57,0
香港,2014-03-25,59,59,0,66,0
香港,2014-03-26,70,59,0,80,0
香港,2014-03-27,63,59,0,59,0
香港,2014-03-28,59,0,0,59,0
香港,2014-03-29,0,59,0,59,0
香港,2014-03-30,59,57,0,57,0
香港,2014-03-31,57,63,0,61,0
香港,2014-04-01,64,61,0,63,0
香港,2014-04-02,59,57,0,63,0
香港,2014-04-03,57,57,0,63,0
香港,2014-04-04,63,59,0,61,0
香港,2014-04-05,61,57,0,63,0
香港,2014-04-06,59,0,0,59,0
香港,2014-04-07,59,59,0,57,0
香港,2014-04-08,59,57,0,61,0
香港,2014-04-09,61,0,0,64,0
香港,2014-04-10,0,0,0,61,0
香港,2014-04-11,59,59,0,59,0
香港,2014-04-12,63,57,0,70,0
香港,2014-04-13,57,57,0,66,0
香港,2014-04-14,70,64,0,61,57
香港,2014-04-15,63,63,0,64,0
香港,2014-04-16,57,63,0,0,0
香港,2014-04-17,63,57,0,61,0
香港,2014-04-18,57,59,0,61,0
香港,2014-04-19,0,59,0,0,0
香港,2014-04-20,57,64,0,57,0
香港,2014-04-21,59,59,0,64,0
香港,2014-04-22,59,59,0,61,0
香港,2014-04-23,63,57,0,61,0
香港,2014-04-24,59,59,0,68,0
香港,2014-04-25,68,0,0,59,0
香港,2014-04-26,57,0,0,0,0
香港,2014-04-27,61,0,0,57,0
香港,2014-04-28,64,57,0,63,0
香港,2014-04-29,59,0,0,0,0
香港,2014-04-30,66,0,0,64,0
香港,2014-05-01,61,66,0,59,0
香港,2014-05-02,0,0,0,57,0
香港,2014-05-03,57,57,0,57,0
香港,2014-05-04,63,59,0,61,0
香港,2014-05-05,63,63,0,57,0
香港,2014-05-06,63,59,0,61,0
香港,2014-05-07,59,0,0,57,0
香港,2014-05-08,66,63,0,61,0
香港,2014-05-09,64,59,0,57,0
香港,2014-05-10,61,57,0,57,0
香港,2014-05-11,57,74,0,0,0
香港,2014-05-12,68,68,0,59,0
香港,2014-05-13,59,68,0,63,0
香港,2014-05-14,57,61,0,64,0
香港,2014-05-15,70,57,0,57,0
香港,2014-05-16,59,57,0,59,0
香港,2014-05-17,0,0,0,57,0
香港,2014-05-18,57,61,0,0,0
香港,2014-05-19,76,57,0,57,0
香港,2014-05-20,72,57,0,59,0
香港,2014-05-21,63,63,0,59,0
香港,2014-05-22,64,0,0,63,0
香港,2014-05-23,61,57,0,57,0
香港,2014-05-24,0,59,0,0,0
香港,2014-05-25,57,59,0,0,0
香港,2014-05-26,63,0,0,61,0
香港,2014-05-27,64,59,0,59,0
香港,2014-05-28,61,59,0,59,0
香港,2014-05-29,66,68,0,59,0
香港,2014-05-30,57,0,0,63,0
香港,2014-05-31,57,0,0,0,0
香港,2014-06-01,0,57,0,0,0
香港,2014-06-02,0,0,0,61,0
香港,2014-06-03,57,0,0,63,0
香港,2014-06-04,63,0,0,59,0
香港,2014-06-05,63,0,0,0,0
香港,2014-06-06,61,0,0,57,0
香港,2014-06-07,57,0,0,61,0
香港,2014-06-08,0,57,0,0,0
香港,2014-06-09,63,57,0,59,0
香港,2014-06-10,61,0,0,59,0
香港,2014-06-11,61,61,0,57,57
香港,2014-06-12,64,59,0,57,0
香港,2014-06-13,64,0,0,57,0
香港,2014-06-14,57,0,0,0,0
香港,2014-06-15,57,57,0,59,0
香港,2014-06-16,63,57,0,61,0
香港,2014-06-17,59,59,0,57,0
香港,2014-06-18,72,57,0,57,0
香港,2014-06-19,63,57,0,63,0
香港,2014-06-20,59,61,0,59,0
香港,2014-06-21,61,66,0,0,0
香港,2014-06-22,57,57,0,57,0
香港,2014-06-23,64,57,0,59,0
香港,2014-06-24,68,57,0,57,0
香港,2014-06-25,59,0,0,57,0
香港,2014-06-26,59,0,0,61,0
香港,2014-06-27,64,57,0,0,0
香港,2014-06-28,57,0,0,59,0
香港,2014-06-29,61,57,0,0,0
香港,2014-06-30,59,0,0,0,0
香港,2014-07-01,66,63,0,57,0
香港,2014-07-02,64,0,0,61,0
香港,2014-07-03,66,57,0,61,0
香港,2014-07-04,63,59,0,57,0
香港,2014-07-05,59,57,0,57,0
香港,2014-07-06,63,63,0,57,0
香港,2014-07-07,74,64,0,63,0
香港,2014-07-08,68,64,0,59,0
香港,2014-07-09,74,57,0,57,0
香港,2014-07-10,63,59,0,57,0
香港,2014-07-11,74,59,0,64,0
香港,2014-07-12,61,63,0,0,0
香港,2014-07-13,59,57,0,61,0
香港,2014-07-14,64,0,0,0,0
香港,2014-07-15,61,61,0,63,0
香港,2014-07-16,59,61,0,59,0
香港,2014-07-17,63,0,0,57,0
香港,2014-07-18,70,59,0,57,0
香港,2014-07-19,59,0,0,57,0
香港,2014-07-20,57,59,0,57,0
香港,2014-07-21,59,0,0,59,0
香港,2014-07-22,66,61,0,61,0
香港,2014-07-23,70,57,0,57,0
香港,2014-07-24,57,61,0,0,0
香港,2014-07-25,64,57,0,57,0
香港,2014-07-26,57,59,0,59,0
香港,2014-07-27,57,57,0,57,0
香港,2014-07-28,66,0,0,63,0
香港,2014-07-29,66,57,0,57,0
香港,2014-07-30,59,57,0,57,0
香港,2014-07-31,64,57,0,57,0
香港,2014-08-01,63,59,0,57,0
香港,2014-08-02,0,57,0,57,0
香港,2014-08-03,59,0,0,0,0
香港,2014-08-04,59,57,0,64,0
香港,2014-08-05,59,0,0,61,0
香港,2014-08-06,59,57,0,64,0
香港,2014-08-07,63,0,0,0,0
香港,2014-08-08,63,59,0,63,0
香港,2014-08-09,0,57,0,0,0
香港,2014-08-10,0,59,0,61,0
香港,2014-08-11,72,59,0,63,0
香港,2014-08-12,61,0,0,64,0
香港,2014-08-13,64,0,0,64,0
香港,2014-08-14,57,63,0,63,0
香港,2014-08-15,59,57,0,61,0
香港,2014-08-16,0,0,0,0,0
香港,2014-08-17,57,57,0,0,57
香港,2014-08-18,68,57,0,57,0
香港,2014-08-19,66,61,0,57,0
香港,2014-08-20,64,0,0,68,0
香港,2014-08-21,66,63,0,57,0
香港,2014-08-22,63,57,0,59,0
香港,2014-08-23,57,57,0,59,0
香港,2014-08-24,61,0,0,57,0
香港,2014-08-25,63,57,0,64,0
香港,2014-08-26,61,57,0,57,0
香港,2014-08-27,63,64,0,57,0
香港,2014-08-28,59,66,0,64,0
香港,2014-08-29,70,0,0,59,0
香港,2014-08-30,0,63,0,59,0
香港,2014-08-31,59,0,0,59,0
香港,2014-09-01,68,59,0,57,0
香港,2014-09-02,66,59,0,61,0
香港,2014-09-03,57,61,0,63,0
香港,2014-09-04,63,0,0,61,0
香港,2014-09-05,68,61,0,61,0
香港,2014-09-06,61,0,0,59,0
香港,2014-09-07,57,59,0,59,0
香港,2014-09-08,59,63,0,57,0
香港,2014-09-09,68,0,0,57,0
香港,2014-09-10,66,0,0,0,0
香港,2014-09-11,97,61,0,64,57
香港,2014-09-12,140,66,0,61,0
香港,2014-09-13,85,59,0,70,0
香港,2014-09-14,72,63,0,57,0
香港,2014-09-15,63,66,0,70,0
香港,2014-09-16,68,63,0,68,0
香港,2014-09-17,82,59,0,61,0
香港,2014-09-18,72,61,0,80,0
香港,2014-09-19,72,59,0,63,0
香港,2014-09-20,61,0,0,59,0
香港,2014-09-21,72,57,0,64,0
香港,2014-09-22,74,61,0,64,0
香港,2014-09-23,76,57,0,0,0
香港,2014-09-24,89,0,0,57,0
香港,2014-09-25,97,59,0,63,0
香港,2014-09-26,91,59,0,59,0
香港,2014-09-27,80,59,0,64,0
香港,2014-09-28,66,59,0,68,0
香港,2014-09-29,68,59,0,57,0
香港,2014-09-30,57,59,0,63,0
香港,2014-10-01,59,57,0,66,0
香港,2014-10-02,59,57,0,0,0
香港,2014-10-03,59,61,0,61,0
香港,2014-10-04,59,57,0,59,0
香港,2014-10-05,66,59,0,59,0
香港,2014-10-06,64,59,0,57,0
香港,2014-10-07,66,0,0,61,0
香港,2014-10-08,64,57,0,57,0
香港,2014-10-09,72,57,0,68,0
香港,2014-10-10,66,57,0,66,0
香港,2014-10-11,59,61,0,57,0
香港,2014-10-12,66,57,0,63,0
香港,2014-10-13,68,61,0,68,0
香港,2014-10-14,59,61,0,66,0
香港,2014-10-15,68,63,0,68,0
香港,2014-10-16,80,61,0,64,0
香港,2014-10-17,64,59,0,57,0
香港,2014-10-18,61,57,0,64,0
香港,2014-10-19,66,57,0,57,0
香港,2014-10-20,64,57,0,63,0
香港,2014-10-21,83,61,0,59,0
香港,2014-10-22,61,63,0,64,0
香港,2014-10-23,74,0,0,78,0
香港,2014-10-24,68,57,0,68,0
香港,2014-10-25,63,59,0,59,0
香港,2014-10-26,64,66,0,61,0
香港,2014-10-27,80,61,0,66,0
香港,2014-10-28,66,68,0,61,0
香港,2014-10-29,72,0,0,64,0
香港,2014-10-30,64,63,0,72,0
香港,2014-10-31,63,59,0,0,0
香港,2014-11-01,66,57,0,57,0
香港,2014-11-02,63,63,0,61,0
香港,2014-11-03,64,64,0,64,0
香港,2014-11-04,68,57,0,63,0
香港,2014-11-05,72,57,0,72,0
香港,2014-11-06,68,0,0,64,0
香港,2014-11-07,59,0,0,61,0
香港,2014-11-08,0,0,0,61,0
香港,2014-11-09,59,68,0,59,0
香港,2014-11-10,59,61,0,63,0
香港,2014-11-11,74,57,0,59,0
香港,2014-11-12,63,57,0,70,0
香港,2014-11-13,61,63,0,57,0
香港,2014-11-14,66,0,0,63,0
香港,2014-11-15,64,59,0,64,0
香港,2014-11-16,63,0,0,61,0
香港,2014-11-17,74,61,0,76,0
香港,2014-11-18,66,66,0,66,0
香港,2014-11-19,66,66,0,63,57
香港,2014-11-20,64,59,0,66,0
香港,2014-11-21,70,0,0,61,0
香港,2014-11-22,64,61,0,59,0
香港,2014-11-23,63,59,0,63,0
香港,2014-11-24,66,61,0,63,0
香港,2014-11-25,70,59,0,66,0
香港,2014-11-26,72,57,0,63,0
香港,2014-11-27,66,57,0,59,0
香港,2014-11-28,59,57,0,57,0
香港,2014-11-29,57,59,0,59,0
香港,2014-11-30,70,59,0,59,0
香港,2014-12-01,64,59,0,68,0
香港,2014-12-02,72,59,0,59,0
香港,2014-12-03,70,59,0,64,0
香港,2014-12-04,68,64,0,64,0
香港,2014-12-05,63,57,0,68,0
香港,2014-12-06,59,59,0,57,0
香港,2014-12-07,0,68,0,0,0
香港,2014-12-08,64,59,0,61,0
香港,2014-12-09,0,57,0,59,0
香港,2014-12-10,61,63,0,59,0
香港,2014-12-11,61,57,0,76,0
香港,2014-12-12,63,61,0,64,0
香港,2014-12-13,59,63,0,61,0
香港,2014-12-14,61,59,0,0,0
香港,2014-12-15,63,0,0,61,0
香港,2014-12-16,74,59,0,57,0
香港,2014-12-17,59,83,0,57,0
香港,2014-12-18,72,61,0,59,0
香港,2014-12-19,68,61,0,57,0
香港,2014-12-20,0,57,0,0,0
香港,2014-12-21,0,59,0,57,0
香港,2014-12-22,63,61,0,0,0
香港,2014-12-23,61,57,0,64,0
香港,2014-12-24,59,0,0,0,0
香港,2014-12-25,61,59,0,66,0
香港,2014-12-26,59,59,0,0,0
香港,2014-12-27,0,57,0,0,0
香港,2014-12-28,0,59,0,57,0
香港,2014-12-29,74,63,0,59,0
香港,2014-12-30,87,0,0,59,0
香港,2014-12-31,61,59,0,0,0
香港,2015-01-01,63,0,0,59,59
香港,2015-01-02,63,57,0,61,0
香港,2015-01-03,68,57,0,57,0
香港,2015-01-04,63,74,0,63,0
香港,2015-01-05,63,61,0,59,0
香港,2015-01-06,70,64,0,63,0
香港,2015-01-07,70,63,0,70,0
香港,2015-01-08,66,61,0,64,0
香港,2015-01-09,82,0,0,63,0
香港,2015-01-10,59,0,0,0,0
香港,2015-01-11,61,57,0,61,0
香港,2015-01-12,70,57,0,72,0
香港,2015-01-13,72,57,0,64,0
香港,2015-01-14,70,61,0,64,0
香港,2015-01-15,63,68,0,64,0
香港,2015-01-16,66,59,0,61,0
香港,2015-01-17,57,59,0,57,0
香港,2015-01-18,57,57,0,57,0
香港,2015-01-19,64,57,0,59,0
香港,2015-01-20,74,57,0,61,0
香港,2015-01-21,66,59,0,64,0
香港,2015-01-22,66,59,0,68,0
香港,2015-01-23,66,0,0,59,0
香港,2015-01-24,66,0,0,57,0
香港,2015-01-25,57,63,0,57,0
香港,2015-01-26,64,61,0,68,0
香港,2015-01-27,66,57,0,57,57
香港,2015-01-28,64,61,0,74,0
香港,2015-01-29,72,0,0,63,0
香港,2015-01-30,59,59,0,64,0
香港,2015-01-31,57,0,0,57,0
香港,2015-02-01,57,63,0,0,0
香港,2015-02-02,68,57,0,63,0
香港,2015-02-03,64,61,0,64,0
香港,2015-02-04,66,57,0,61,0
香港,2015-02-05,72,61,0,64,0
香港,2015-02-06,64,59,0,61,0
香港,2015-02-07,57,59,0,0,0
香港,2015-02-08,57,57,0,0,0
香港,2015-02-09,0,0,0,64,0
香港,2015-02-10,70,63,0,68,0
香港,2015-02-11,61,59,0,64,0
香港,2015-02-12,74,57,0,78,0
香港,2015-02-13,70,59,0,61,0
香港,2015-02-14,59,57,0,59,0
香港,2015-02-15,61,57,0,57,0
香港,2015-02-16,63,57,0,68,0
香港,2015-02-17,61,61,0,0,0
香港,2015-02-18,57,0,0,57,0
香港,2015-02-19,59,0,0,0,0
香港,2015-02-20,59,57,0,0,0
香港,2015-02-21,0,0,0,0,0
香港,2015-02-22,57,0,0,57,0
香港,2015-02-23,57,57,0,57,0
香港,2015-02-24,63,57,0,59,0
香港,2015-02-25,72,59,0,0,0
香港,2015-02-26,61,0,0,0,0
香港,2015-02-27,66,57,0,61,0
香港,2015-02-28,68,0,0,64,0
香港,2015-03-01,74,59,0,59,0
香港,2015-03-02,72,61,0,0,0
香港,2015-03-03,72,59,0,0,0
香港,2015-03-04,82,0,0,59,0
香港,2015-03-05,68,63,0,64,0
香港,2015-03-06,63,57,0,68,0
香港,2015-03-07,59,0,0,66,0
香港,2015-03-08,61,57,0,66,0
香港,2015-03-09,64,0,0,61,0
香港,2015-03-10,83,57,0,66,0
香港,2015-03-11,68,0,0,64,0
香港,2015-03-12,66,61,0,63,0
香港,2015-03-13,64,59,0,70,0
香港,2015-03-14,59,0,0,57,0
香港,2015-03-15,63,59,0,59,0
香港,2015-03-16,61,76,0,64,0
香港,2015-03-17,64,57,0,61,0
香港,2015-03-18,68,0,0,57,0
香港,2015-03-19,70,59,0,63,0
香港,2015-03-20,74,63,0,64,0
香港,2015-03-21,59,61,0,59,0
香港,2015-03-22,68,57,0,59,57
香港,2015-03-23,61,64,0,68,0
香港,2015-03-24,78,59,0,74,0
香港,2015-03-25,68,61,0,66,0
香港,2015-03-26,61,57,0,61,0
香港,2015-03-27,57,61,0,64,0
香港,2015-03-28,63,61,0,59,0
香港,2015-03-29,59,57,0,61,0
香港,2015-03-30,63,68,0,66,0
香港,2015-03-31,61,57,0,63,59
香港,2015-04-01,63,0,0,59,0
香港,2015-04-02,63,59,0,59,0
香港,2015-04-03,64,57,0,63,0
香港,2015-04-04,59,61,0,63,0
香港,2015-04-05,63,0,0,59,0
香港,2015-04-06,57,64,0,0,0
香港,2015-04-07,63,61,0,64,0
香港,2015-04-08,66,57,0,61,0
香港,2015-04-09,74,57,0,63,0
香港,2015-04-10,76,63,0,68,0
香港,2015-04-11,59,57,0,61,0
香港,2015-04-12,68,0,0,59,0
香港,2015-04-13,82,61,0,76,0
香港,2015-04-14,63,0,0,70,0
香港,2015-04-15,68,59,0,68,0
香港,2015-04-16,63,0,0,74,57
香港,2015-04-17,66,0,0,74,0
香港,2015-04-18,59,0,0,61,0
香港,2015-04-19,61,0,0,68,0
香港,2015-04-20,64,57,0,64,0
香港,2015-04-21,68,59,0,89,0
香港,2015-04-22,78,63,0,63,66
香港,2015-04-23,66,63,0,66,0
香港,2015-04-24,63,59,0,61,0
香港,2015-04-25,64,61,0,59,0
香港,2015-04-26,61,57,0,57,0
香港,2015-04-27,63,59,0,61,0
香港,2015-04-28,68,57,0,61,0
香港,2015-04-29,59,57,0,59,0
香港,2015-04-30,63,59,0,57,0
香港,2015-05-01,61,64,0,0,0
香港,2015-05-02,64,0,0,61,0
香港,2015-05-03,61,61,0,59,0
香港,2015-05-04,76,68,0,66,0
香港,2015-05-05,61,57,0,59,0
香港,2015-05-06,70,66,0,59,57
香港,2015-05-07,59,61,0,59,57
香港,2015-05-08,63,0,0,85,0
香港,2015-05-09,0,59,0,0,0
香港,2015-05-10,59,63,0,57,0
香港,2015-05-11,66,0,0,63,0
香港,2015-05-12,66,0,0,66,0
香港,2015-05-13,64,59,0,59,0
香港,2015-05-14,63,0,0,61,0
香港,2015-05-15,63,57,0,61,0
香港,2015-05-16,61,0,0,57,0
香港,2015-05-17,59,59,0,59,0
香港,2015-05-18,66,66,0,57,0
香港,2015-05-19,63,57,0,57,0
香港,2015-05-20,61,59,0,61,0
香港,2015-05-21,61,64,0,61,0
香港,2015-05-22,57,70,0,59,0
香港,2015-05-23,63,57,0,61,0
香港,2015-05-24,63,57,0,57,0
香港,2015-05-25,68,63,0,64,0
香港,2015-05-26,59,57,0,59,0
香港,2015-05-27,66,57,0,63,0
香港,2015-05-28,70,59,0,63,0
香港,2015-05-29,63,0,0,57,0
香港,2015-05-30,59,74,0,59,0
香港,2015-05-31,59,59,0,59,0
香港,2015-06-01,63,0,0,61,0
香港,2015-06-02,68,0,0,61,0
香港,2015-06-03,66,0,0,68,0
香港,2015-06-04,59,59,0,57,0
香港,2015-06-05,66,57,0,57,0
香港,2015-06-06,61,57,0,0,0
香港,2015-06-07,59,59,0,57,0
香港,2015-06-08,57,57,0,63,0
香港,2015-06-09,72,59,0,59,0
香港,2015-06-10,63,0,0,0,57
香港,2015-06-11,0,61,0,57,0
香港,2015-06-12,66,57,0,59,0
香港,2015-06-13,57,59,0,57,0
香港,2015-06-14,57,57,0,0,0
香港,2015-06-15,66,61,0,61,0
香港,2015-06-16,63,57,0,59,0
香港,2015-06-17,66,0,0,59,0
香港,2015-06-18,66,59,0,64,57
香港,2015-06-19,66,0,0,59,0
香港,2015-06-20,0,61,0,57,0
香港,2015-06-21,57,61,0,57,0
香港,2015-06-22,61,59,0,0,0
香港,2015-06-23,68,74,0,61,0
香港,2015-06-24,66,57,0,59,0
香港,2015-06-25,66,61,0,57,0
香港,2015-06-26,61,59,0,61,0
香港,2015-06-27,63,0,0,57,0
香港,2015-06-28,63,63,0,0,0
香港,2015-06-29,57,0,0,68,0
香港,2015-06-30,61,0,0,61,0
香港,2015-07-01,68,61,0,66,0
香港,2015-07-02,70,0,0,70,0
香港,2015-07-03,64,57,0,61,0
香港,2015-07-04,61,0,0,57,0
香港,2015-07-05,63,0,0,57,0
香港,2015-07-06,64,57,0,66,0
香港,2015-07-07,63,64,0,59,0
香港,2015-07-08,61,63,0,59,0
香港,2015-07-09,63,57,0,61,0
香港,2015-07-10,64,66,0,64,0
香港,2015-07-11,57,59,0,57,0
香港,2015-07-12,57,63,0,57,0
香港,2015-07-13,70,61,0,70,0
香港,2015-07-14,76,59,0,57,0
香港,2015-07-15,64,57,0,0,0
香港,2015-07-16,72,57,0,59,0
香港,2015-07-17,63,59,0,0,0
香港,2015-07-18,0,59,0,0,0
香港,2015-07-19,63,57,0,61,0
香港,2015-07-20,66,59,0,0,0
香港,2015-07-21,68,59,0,57,0
香港,2015-07-22,64,0,0,59,0
香港,2015-07-23,61,64,0,63,0
香港,2015-07-24,63,59,0,57,0
香港,2015-07-25,61,59,0,0,0
香港,2015-07-26,0,57,0,0,0
香港,2015-07-27,61,64,0,0,0
香港,2015-07-28,63,59,0,63,0
香港,2015-07-29,61,0,0,59,0
香港,2015-07-30,74,57,0,68,0
香港,2015-07-31,66,57,0,61,0
香港,2015-08-01,57,0,0,57,0
香港,2015-08-02,59,0,0,57,0
香港,2015-08-03,64,66,0,68,0
香港,2015-08-04,59,61,0,61,0
香港,2015-08-05,63,57,0,61,0
香港,2015-08-06,63,57,0,63,0
香港,2015-08-07,64,64,0,63,0
香港,2015-08-08,57,0,0,57,0
香港,2015-08-09,61,0,0,57,0
香港,2015-08-10,70,57,0,59,0
香港,2015-08-11,63,0,0,63,0
香港,2015-08-12,68,0,0,64,0
香港,2015-08-13,63,63,0,61,0
香港,2015-08-14,64,59,0,61,0
香港,2015-08-15,61,59,0,59,0
香港,2015-08-16,61,63,0,0,0
香港,2015-08-17,76,59,0,63,0
香港,2015-08-18,66,57,0,63,0
香港,2015-08-19,63,61,0,68,0
香港,2015-08-20,76,59,0,74,0
香港,2015-08-21,74,57,0,61,0
香港,2015-08-22,59,59,0,0,0
香港,2015-08-23,57,0,0,57,0
香港,2015-08-24,83,59,0,59,0
香港,2015-08-25,63,57,0,66,0
香港,2015-08-26,70,68,0,61,0
香港,2015-08-27,64,66,0,57,57
香港,2015-08-28,61,61,0,57,0
香港,2015-08-29,61,59,0,57,0
香港,2015-08-30,59,63,0,59,0
香港,2015-08-31,74,59,0,0,0
香港,2015-09-01,63,61,0,61,0
香港,2015-09-02,70,59,0,57,0
香港,2015-09-03,61,64,0,57,0
香港,2015-09-04,57,57,0,57,0
香港,2015-09-05,61,61,0,63,0
香港,2015-09-06,70,59,0,61,0
香港,2015-09-07,70,70,0,61,0
香港,2015-09-08,66,80,0,57,0
香港,2015-09-09,59,83,0,57,0
香港,2015-09-10,57,74,0,64,0
香港,2015-09-11,68,76,0,61,0
香港,2015-09-12,61,59,0,63,0
香港,2015-09-13,59,59,0,57,0
香港,2015-09-14,63,61,0,59,0
香港,2015-09-15,66,0,0,59,0
香港,2015-09-16,61,68,0,61,0
香港,2015-09-17,61,59,57,61,0
香港,2015-09-18,68,61,57,0,0
香港,2015-09-19,61,57,0,63,0
香港,2015-09-20,57,59,0,68,0
香港,2015-09-21,76,61,57,64,0
香港,2015-09-22,64,59,57,59,0
香港,2015-09-23,63,61,0,61,0
香港,2015-09-24,66,61,0,61,0
香港,2015-09-25,64,57,0,63,0
香港,2015-09-26,57,57,0,0,0
香港,2015-09-27,57,61,0,0,0
香港,2015-09-28,64,78,0,0,0
香港,2015-09-29,68,89,0,63,0
香港,2015-09-30,61,97,57,0,0
香港,2015-10-01,63,66,0,0,0
香港,2015-10-02,57,66,0,57,0
香港,2015-10-03,59,59,0,63,0
香港,2015-10-04,64,57,0,59,0
香港,2015-10-05,0,57,0,0,0
香港,2015-10-06,64,0,0,59,0
香港,2015-10-07,59,0,0,59,0
香港,2015-10-08,63,59,0,63,0
香港,2015-10-09,70,59,0,0,0
香港,2015-10-10,66,63,0,57,0
香港,2015-10-11,63,63,0,59,0
香港,2015-10-12,64,66,0,63,0
香港,2015-10-13,74,63,0,64,0
香港,2015-10-14,64,57,0,57,0
香港,2015-10-15,82,0,0,66,0
香港,2015-10-16,59,63,0,63,0
香港,2015-10-17,61,61,0,59,0
香港,2015-10-18,61,61,0,61,0
香港,2015-10-19,74,61,57,61,61
香港,2015-10-20,63,61,0,78,57
香港,2015-10-21,68,68,0,59,0
香港,2015-10-22,63,57,57,63,0
香港,2015-10-23,66,57,0,63,0
香港,2015-10-24,59,61,0,57,0
香港,2015-10-25,63,57,0,57,0
香港,2015-10-26,74,57,59,66,0
香港,2015-10-27,72,61,0,66,0
香港,2015-10-28,66,57,0,64,0
香港,2015-10-29,66,63,59,59,0
香港,2015-10-30,72,61,0,66,0
香港,2015-10-31,66,61,0,59,57
香港,2015-11-01,64,64,0,59,0
香港,2015-11-02,85,57,0,64,0
香港,2015-11-03,74,61,57,59,0
香港,2015-11-04,80,61,0,66,0
香港,2015-11-05,72,66,59,61,0
香港,2015-11-06,66,61,61,70,0
香港,2015-11-07,61,63,0,57,0
香港,2015-11-08,61,63,0,59,0
香港,2015-11-09,66,70,57,0,0
香港,2015-11-10,64,64,0,63,0
香港,2015-11-11,80,66,0,68,0
香港,2015-11-12,63,59,59,63,0
香港,2015-11-13,80,63,0,59,0
香港,2015-11-14,59,0,0,59,0
香港,2015-11-15,61,59,0,57,0
香港,2015-11-16,64,59,57,63,57
香港,2015-11-17,68,57,0,57,0
香港,2015-11-18,63,61,0,61,0
香港,2015-11-19,63,61,0,68,0
香港,2015-11-20,64,78,0,61,59
香港,2015-11-21,72,59,0,61,0
香港,2015-11-22,57,57,57,61,0
香港,2015-11-23,78,66,0,66,0
香港,2015-11-24,70,61,0,68,0
香港,2015-11-25,64,61,0,59,0
香港,2015-11-26,61,57,0,63,0
香港,2015-11-27,63,63,57,61,57
香港,2015-11-28,59,63,0,57,0
香港,2015-11-29,74,57,0,64,0
香港,2015-11-30,68,57,0,61,0
香港,2015-12-01,78,0,57,59,0
香港,2015-12-02,59,66,0,66,0
香港,2015-12-03,61,61,0,59,0
香港,2015-12-04,72,63,57,68,0
香港,2015-12-05,63,59,0,59,0
香港,2015-12-06,57,0,0,0,0
香港,2015-12-07,76,0,0,57,0
香港,2015-12-08,70,61,0,61,0
香港,2015-12-09,63,57,0,59,0
香港,2015-12-10,64,59,0,59,0
香港,2015-12-11,72,61,0,66,0
香港,2015-12-12,57,0,0,0,0
香港,2015-12-13,0,64,0,61,0
香港,2015-12-14,74,61,0,66,0
香港,2015-12-15,61,57,0,64,0
香港,2015-12-16,64,63,0,59,0
香港,2015-12-17,64,57,0,70,0
香港,2015-12-18,61,57,0,59,0
香港,2015-12-19,57,57,0,57,0
香港,2015-12-20,0,57,0,0,0
香港,2015-12-21,63,64,59,57,0
香港,2015-12-22,61,57,0,57,0
香港,2015-12-23,68,63,57,0,0
香港,2015-12-24,59,61,61,59,0
香港,2015-12-25,59,57,0,0,0
香港,2015-12-26,0,0,0,0,0
香港,2015-12-27,59,0,0,0,0
香港,2015-12-28,70,63,57,59,0
香港,2015-12-29,63,59,0,61,0
香港,2015-12-30,57,59,0,61,0
香港,2015-12-31,63,59,0,59,0
香港,2016-01-01,0,59,0,0,0
香港,2016-01-02,0,57,0,0,0
香港,2016-01-03,0,0,0,57,0
香港,2016-01-04,76,59,0,59,0
香港,2016-01-05,72,59,0,61,0
香港,2016-01-06,66,74,57,59,0
香港,2016-01-07,76,0,0,61,0
香港,2016-01-08,59,0,57,0,57
香港,2016-01-09,63,64,0,0,0
香港,2016-01-10,0,57,0,57,0
香港,2016-01-11,63,59,59,0,0
香港,2016-01-12,72,0,0,64,0
香港,2016-01-13,68,57,57,70,0
香港,2016-01-14,70,68,0,63,57
香港,2016-01-15,64,0,57,59,0
香港,2016-01-16,57,61,0,0,0
香港,2016-01-17,61,0,0,59,0
香港,2016-01-18,59,57,0,0,0
香港,2016-01-19,68,64,61,59,0
香港,2016-01-20,66,59,61,68,0
香港,2016-01-21,66,61,61,57,0
香港,2016-01-22,61,59,59,57,0
香港,2016-01-23,59,63,59,61,0
香港,2016-01-24,57,63,0,64,0
香港,2016-01-25,74,70,0,68,57
香港,2016-01-26,70,68,57,61,0
香港,2016-01-27,63,64,59,68,0
香港,2016-01-28,64,64,59,57,0
香港,2016-01-29,63,59,61,57,59
香港,2016-01-30,57,64,0,0,0
香港,2016-01-31,66,0,0,57,0
香港,2016-02-01,74,66,57,63,57
香港,2016-02-02,64,59,0,57,0
香港,2016-02-03,64,64,57,61,0
香港,2016-02-04,70,59,57,57,0
香港,2016-02-05,57,0,0,0,0
香港,2016-02-06,59,0,0,0,0
香港,2016-02-07,0,0,0,0,0
香港,2016-02-08,0,0,0,0,0
香港,2016-02-09,0,59,0,0,0
香港,2016-02-10,0,63,0,0,0
香港,2016-02-11,59,57,0,0,0
香港,2016-02-12,61,0,0,0,0
香港,2016-02-13,57,61,0,0,0
香港,2016-02-14,61,57,0,59,0
香港,2016-02-15,57,59,57,57,0
香港,2016-02-16,76,59,57,66,0
香港,2016-02-17,70,59,0,63,0
香港,2016-02-18,66,63,59,57,0
香港,2016-02-19,68,61,57,61,0
香港,2016-02-20,61,57,0,59,0
香港,2016-02-21,59,57,0,63,0
香港,2016-02-22,74,61,57,82,0
香港,2016-02-23,63,63,0,68,0
香港,2016-02-24,61,61,59,61,0
香港,2016-02-25,68,68,59,61,59
香港,2016-02-26,64,59,0,66,0
香港,2016-02-27,57,57,57,59,0
香港,2016-02-28,59,63,57,74,0
香港,2016-02-29,64,63,59,74,0
香港,2016-03-01,76,68,57,66,0
香港,2016-03-02,70,64,57,76,0
香港,2016-03-03,64,59,0,68,0
香港,2016-03-04,61,64,57,59,0
香港,2016-03-05,57,59,0,0,0
香港,2016-03-06,61,61,0,0,0
香港,2016-03-07,66,61,70,63,0
香港,2016-03-08,61,57,59,72,0
香港,2016-03-09,68,97,57,57,0
香港,2016-03-10,68,85,0,64,61
香港,2016-03-11,64,78,0,61,57
香港,2016-03-12,63,68,0,0,0
香港,2016-03-13,61,74,0,63,0
香港,2016-03-14,66,83,57,66,0
香港,2016-03-15,64,83,59,68,57
香港,2016-03-16,68,63,0,61,0
香港,2016-03-17,61,68,63,64,0
香港,2016-03-18,63,70,0,72,0
香港,2016-03-19,61,0,0,59,0
香港,2016-03-20,57,68,57,0,0
香港,2016-03-21,61,64,61,61,0
香港,2016-03-22,70,74,64,57,0
香港,2016-03-23,63,76,57,61,0
香港,2016-03-24,61,64,0,0,0
香港,2016-03-25,59,63,57,59,0
香港,2016-03-26,0,61,57,57,0
香港,2016-03-27,57,57,0,0,0
香港,2016-03-28,66,64,61,61,0
香港,2016-03-29,68,64,0,0,0
香港,2016-03-30,64,68,0,63,0
香港,2016-03-31,63,61,0,64,0
香港,2016-04-01,59,64,57,59,0
香港,2016-04-02,0,63,0,59,0
香港,2016-04-03,59,59,0,57,0
香港,2016-04-04,0,61,0,0,0
香港,2016-04-05,61,68,61,63,0
香港,2016-04-06,68,61,59,61,0
香港,2016-04-07,61,66,57,61,0
香港,2016-04-08,68,72,0,61,0
香港,2016-04-09,57,59,0,63,0
香港,2016-04-10,59,70,0,59,0
香港,2016-04-11,61,70,59,64,0
香港,2016-04-12,64,70,57,63,0
香港,2016-04-13,64,61,63,59,0
香港,2016-04-14,63,64,70,63,0
香港,2016-04-15,68,64,57,61,0
香港,2016-04-16,57,59,0,57,0
香港,2016-04-17,61,64,0,57,0
香港,2016-04-18,57,68,0,59,0
香港,2016-04-19,59,68,59,63,0
香港,2016-04-20,61,63,59,64,0
香港,2016-04-21,63,63,61,59,0
香港,2016-04-22,61,61,63,61,0
香港,2016-04-23,0,57,57,57,0
香港,2016-04-24,63,61,57,59,0
香港,2016-04-25,61,64,64,63,0
香港,2016-04-26,74,64,59,63,0
香港,2016-04-27,61,63,59,63,0
香港,2016-04-28,59,68,59,57,0
香港,2016-04-29,59,61,61,0,0
香港,2016-04-30,0,57,57,57,0
香港,2016-05-01,57,59,0,59,0
香港,2016-05-02,0,63,57,57,0
香港,2016-05-03,61,68,57,59,0
香港,2016-05-04,64,68,63,61,0
香港,2016-05-05,61,66,57,61,0
香港,2016-05-06,64,70,59,63,0
香港,2016-05-07,61,0,0,59,0
香港,2016-05-08,59,61,57,57,0
香港,2016-05-09,64,74,0,59,0
香港,2016-05-10,59,68,61,0,0
香港,2016-05-11,61,57,57,59,0
香港,2016-05-12,63,68,59,59,0
香港,2016-05-13,63,72,0,64,0
香港,2016-05-14,0,57,0,57,0
香港,2016-05-15,63,59,0,57,0
香港,2016-05-16,61,63,59,57,0
香港,2016-05-17,63,63,61,59,0
香港,2016-05-18,57,64,63,59,0
香港,2016-05-19,61,66,59,59,0
香港,2016-05-20,66,64,59,57,0
香港,2016-05-21,0,57,59,0,0
香港,2016-05-22,59,61,0,57,0
香港,2016-05-23,64,61,57,59,0
香港,2016-05-24,57,72,72,59,0
香港,2016-05-25,68,59,61,63,0
香港,2016-05-26,64,68,64,57,0
香港,2016-05-27,70,61,59,59,0
香港,2016-05-28,61,57,57,57,0
香港,2016-05-29,57,57,61,0,0
香港,2016-05-30,68,68,61,63,0
香港,2016-05-31,66,57,66,64,0
香港,2016-06-01,61,64,76,61,0
香港,2016-06-02,59,64,63,61,0
香港,2016-06-03,64,61,57,59,0
香港,2016-06-04,57,59,0,0,0
香港,2016-06-05,61,0,61,57,0
香港,2016-06-06,68,68,61,0,0
香港,2016-06-07,64,57,57,63,0
香港,2016-06-08,59,61,61,64,0
香港,2016-06-09,59,57,0,57,0
香港,2016-06-10,61,63,0,57,0
香港,2016-06-11,57,59,0,57,0
香港,2016-06-12,59,64,63,0,0
香港,2016-06-13,70,61,63,61,0
香港,2016-06-14,61,63,68,66,59
香港,2016-06-15,74,66,85,63,0
香港,2016-06-16,64,63,66,57,0
香港,2016-06-17,61,66,63,0,0
香港,2016-06-18,63,59,0,57,0
香港,2016-06-19,0,0,57,0,0
香港,2016-06-20,59,57,64,0,0
香港,2016-06-21,63,61,0,57,0
香港,2016-06-22,63,64,57,59,0
香港,2016-06-23,57,68,63,61,0
香港,2016-06-24,63,57,0,57,0
香港,2016-06-25,0,0,0,0,0
香港,2016-06-26,57,61,0,0,0
香港,2016-06-27,0,57,0,61,0
香港,2016-06-28,61,68,59,57,0
香港,2016-06-29,59,61,59,0,0
香港,2016-06-30,64,66,0,0,0
香港,2016-07-01,57,63,59,0,0
香港,2016-07-02,61,0,57,0,0
香港,2016-07-03,57,61,59,57,0
香港,2016-07-04,57,66,63,57,0
香港,2016-07-05,63,63,57,57,0
香港,2016-07-06,66,57,61,66,0
香港,2016-07-07,59,59,59,0,0
香港,2016-07-08,68,63,57,57,0
香港,2016-07-09,0,59,57,57,0
香港,2016-07-10,57,0,59,57,0
香港,2016-07-11,63,57,61,59,0
香港,2016-07-12,63,61,57,63,0
香港,2016-07-13,59,61,68,59,0
香港,2016-07-14,63,59,64,59,0
香港,2016-07-15,63,61,61,61,0
香港,2016-07-16,61,0,0,0,0
香港,2016-07-17,59,0,0,57,0
香港,2016-07-18,70,0,63,59,0
香港,2016-07-19,64,63,61,57,0
香港,2016-07-20,57,63,63,61,57
香港,2016-07-21,70,63,63,66,57
香港,2016-07-22,68,66,68,57,0
香港,2016-07-23,68,0,57,57,0
香港,2016-07-24,64,57,59,0,0
香港,2016-07-25,63,61,72,59,0
香港,2016-07-26,61,64,72,59,0
香港,2016-07-27,68,57,59,59,0
香港,2016-07-28,68,63,61,68,0
香港,2016-07-29,59,0,57,0,0
香港,2016-07-30,0,63,0,57,0
香港,2016-07-31,59,0,0,0,0
香港,2016-08-01,61,63,61,57,0
香港,2016-08-02,61,57,57,61,0
香港,2016-08-03,63,61,72,66,0
香港,2016-08-04,59,59,66,59,57
香港,2016-08-05,63,59,66,0,0
香港,2016-08-06,0,57,57,0,0
香港,2016-08-07,57,0,61,57,0
香港,2016-08-08,57,66,59,57,57
香港,2016-08-09,63,57,57,61,0
香港,2016-08-10,64,61,59,59,0
香港,2016-08-11,63,68,64,0,0
香港,2016-08-12,70,68,63,57,0
香港,2016-08-13,0,57,59,59,0
香港,2016-08-14,57,0,0,61,0
香港,2016-08-15,59,57,72,59,57
香港,2016-08-16,66,61,63,59,57
香港,2016-08-17,59,66,66,57,0
香港,2016-08-18,57,0,70,57,0
香港,2016-08-19,59,57,63,0,0
香港,2016-08-20,57,0,59,0,0
香港,2016-08-21,61,0,0,0,0
香港,2016-08-22,76,59,66,64,0
香港,2016-08-23,57,66,66,57,0
香港,2016-08-24,61,59,70,63,0
香港,2016-08-25,0,68,66,57,0
香港,2016-08-26,57,61,66,57,0
香港,2016-08-27,59,0,57,57,0
香港,2016-08-28,57,59,59,57,0
香港,2016-08-29,61,61,70,61,0
香港,2016-08-30,63,57,59,59,57
香港,2016-08-31,63,57,68,64,0
香港,2016-09-01,64,57,64,61,0
香港,2016-09-02,63,59,63,61,0
香港,2016-09-03,57,61,61,57,0
香港,2016-09-04,57,59,59,57,0
香港,2016-09-05,63,57,64,59,0
香港,2016-09-06,61,57,66,66,0
香港,2016-09-07,68,68,66,59,0
香港,2016-09-08,85,63,72,0,0
香港,2016-09-09,59,59,68,57,0
香港,2016-09-10,63,57,59,57,0
香港,2016-09-11,61,59,61,0,0
香港,2016-09-12,63,57,74,0,0
香港,2016-09-13,63,66,68,57,0
香港,2016-09-14,59,64,68,57,0
香港,2016-09-15,57,57,57,0,0
香港,2016-09-16,0,61,59,59,0
香港,2016-09-17,0,57,64,0,0
香港,2016-09-18,0,61,64,61,0
香港,2016-09-19,66,59,63,59,0
香港,2016-09-20,72,63,70,61,0
香港,2016-09-21,72,61,64,63,0
香港,2016-09-22,68,61,61,59,0
香港,2016-09-23,61,57,70,61,0
香港,2016-09-24,57,57,0,0,0
香港,2016-09-25,64,0,59,57,0
香港,2016-09-26,74,61,68,59,57
香港,2016-09-27,78,63,64,59,57
香港,2016-09-28,68,61,66,68,0
香港,2016-09-29,63,61,70,61,0
香港,2016-09-30,61,64,63,0,0
香港,2016-10-01,57,63,61,57,0
香港,2016-10-02,61,0,59,0,0
香港,2016-10-03,57,57,63,59,0
香港,2016-10-04,57,61,57,0,0
香港,2016-10-05,66,0,63,0,0
香港,2016-10-06,64,57,59,63,0
香港,2016-10-07,66,63,57,61,0
香港,2016-10-08,61,68,70,57,0
香港,2016-10-09,59,72,59,64,0
香港,2016-10-10,66,68,70,59,0
香港,2016-10-11,70,72,76,64,0
香港,2016-10-12,68,74,63,63,0
香港,2016-10-13,70,70,64,68,0
香港,2016-10-14,76,66,59,66,0
香港,2016-10-15,68,0,68,57,0
香港,2016-10-16,64,57,0,61,0
香港,2016-10-17,70,64,61,70,0
香港,2016-10-18,66,66,63,63,0
香港,2016-10-19,68,59,76,57,0
香港,2016-10-20,63,63,66,59,0
香港,2016-10-21,70,63,61,64,0
香港,2016-10-22,57,61,57,57,0
香港,2016-10-23,64,0,0,57,0
香港,2016-10-24,80,74,68,68,0
香港,2016-10-25,70,64,72,59,0
香港,2016-10-26,74,57,72,68,0
香港,2016-10-27,70,66,63,64,0
香港,2016-10-28,68,68,64,64,0
香港,2016-10-29,57,63,0,63,0
香港,2016-10-30,59,59,61,57,0
香港,2016-10-31,83,66,68,64,0
香港,2016-11-01,66,59,61,59,0
香港,2016-11-02,59,74,68,64,0
香港,2016-11-03,63,66,72,63,0
香港,2016-11-04,66,57,64,66,0
香港,2016-11-05,59,57,0,59,0
香港,2016-11-06,72,59,57,57,0
香港,2016-11-07,66,57,57,72,0
香港,2016-11-08,68,0,0,0,0
香港,2016-11-09,68,0,0,0,0
香港,2016-11-10,64,61,63,63,57
香港,2016-11-11,63,66,64,0,0
香港,2016-11-12,0,0,61,0,0
香港,2016-11-13,57,0,0,64,0
香港,2016-11-14,59,66,68,61,0
香港,2016-11-15,68,68,80,63,0
香港,2016-11-16,72,68,66,59,0
香港,2016-11-17,63,74,64,0,0
香港,2016-11-18,63,64,70,63,0
香港,2016-11-19,0,57,57,61,0
香港,2016-11-20,61,57,61,57,0
香港,2016-11-21,64,57,68,61,0
香港,2016-11-22,61,68,59,61,0
香港,2016-11-23,66,74,63,68,0
香港,2016-11-24,66,63,57,63,0
香港,2016-11-25,66,59,66,0,0
香港,2016-11-26,64,57,59,0,0
香港,2016-11-27,0,0,63,0,0
香港,2016-11-28,72,68,70,64,59
香港,2016-11-29,61,61,74,59,0
香港,2016-11-30,70,64,59,61,0
香港,2016-12-01,63,64,70,0,59
香港,2016-12-02,74,66,59,61,0
香港,2016-12-03,64,61,57,59,0
香港,2016-12-04,63,57,57,63,0
香港,2016-12-05,63,63,63,59,0
香港,2016-12-06,66,64,66,64,0
香港,2016-12-07,64,61,63,59,0
香港,2016-12-08,59,59,59,59,0
香港,2016-12-09,64,63,74,70,0
香港,2016-12-10,61,63,57,0,0
香港,2016-12-11,59,0,0,59,0
香港,2016-12-12,57,64,61,57,0
香港,2016-12-13,68,70,66,61,0
香港,2016-12-14,63,64,66,59,57
香港,2016-12-15,57,61,59,0,0
香港,2016-12-16,61,66,63,0,57
香港,2016-12-17,0,59,0,66,0
香港,2016-12-18,57,61,0,57,0
香港,2016-12-19,59,59,61,57,0
香港,2016-12-20,63,66,59,57,57
香港,2016-12-21,64,59,59,59,0
香港,2016-12-22,59,59,68,59,0
香港,2016-12-23,59,72,59,59,57
香港,2016-12-24,59,57,0,0,0
香港,2016-12-25,59,63,57,57,0
香港,2016-12-26,61,57,63,57,0
香港,2016-12-27,61,0,61,0,0
香港,2016-12-28,63,61,63,59,0
香港,2016-12-29,57,63,59,57,0
香港,2016-12-30,57,63,59,59,0
香港,2016-12-31,57,0,0,0,0
香港,2017-01-01,0,57,0,57,0
香港,2017-01-02,64,61,61,57,0
香港,2017-01-03,63,68,63,59,57
香港,2017-01-04,64,74,61,57,0
香港,2017-01-05,59,83,72,59,0
香港,2017-01-06,63,63,63,0,57
香港,2017-01-07,61,59,59,57,0
香港,2017-01-08,57,57,57,0,0
香港,2017-01-09,66,72,64,64,0
香港,2017-01-10,59,57,63,0,0
香港,2017-01-11,66,64,59,64,0
香港,2017-01-12,61,74,68,59,0
香港,2017-01-13,66,68,59,59,57
香港,2017-01-14,59,59,57,0,0
香港,2017-01-15,57,59,63,0,0
香港,2017-01-16,59,78,68,59,0
香港,2017-01-17,64,64,57,0,0
香港,2017-01-18,61,63,66,63,0
香港,2017-01-19,68,82,76,66,0
香港,2017-01-20,72,70,63,57,0
香港,2017-01-21,57,0,57,0,0
香港,2017-01-22,63,68,59,0,0
香港,2017-01-23,63,63,61,57,0
香港,2017-01-24,64,66,64,57,0
香港,2017-01-25,64,63,66,61,0
香港,2017-01-26,61,63,59,57,0
香港,2017-01-27,57,0,0,0,0
香港,2017-01-28,0,57,0,0,0
香港,2017-01-29,0,57,0,57,0
香港,2017-01-30,0,57,0,0,0
香港,2017-01-31,61,70,61,57,0
香港,2017-02-01,57,0,59,0,0
香港,2017-02-02,57,64,57,57,0
香港,2017-02-03,57,63,61,57,0
香港,2017-02-04,59,61,61,57,57
香港,2017-02-05,61,68,57,57,0
香港,2017-02-06,61,63,63,63,0
香港,2017-02-07,63,70,63,59,0
香港,2017-02-08,64,74,59,61,0
香港,2017-02-09,61,63,66,64,0
香港,2017-02-10,57,57,59,59,0
香港,2017-02-11,57,76,0,0,0
香港,2017-02-12,0,63,0,0,0
香港,2017-02-13,78,74,64,63,57
香港,2017-02-14,57,70,57,63,0
香港,2017-02-15,68,70,64,61,0
香港,2017-02-16,61,64,63,59,0
香港,2017-02-17,83,64,63,61,0
香港,2017-02-18,57,0,64,57,0
香港,2017-02-19,57,63,0,57,0
香港,2017-02-20,82,61,63,61,57
香港,2017-02-21,72,61,64,66,0
香港,2017-02-22,74,63,61,59,0
香港,2017-02-23,78,66,63,59,0
香港,2017-02-24,70,59,70,59,0
香港,2017-02-25,59,57,61,61,0
香港,2017-02-26,0,63,57,57,0
香港,2017-02-27,68,74,64,57,0
香港,2017-02-28,74,83,63,70,57
香港,2017-03-01,83,78,63,66,0
香港,2017-03-02,70,64,68,68,0
香港,2017-03-03,80,70,61,61,0
香港,2017-03-04,0,76,57,0,0
香港,2017-03-05,59,74,66,63,0
香港,2017-03-06,61,89,76,59,0
香港,2017-03-07,68,70,72,91,0
香港,2017-03-08,59,76,68,76,0
香港,2017-03-09,57,68,68,66,0
香港,2017-03-10,63,76,61,70,57
香港,2017-03-11,57,70,57,64,0
香港,2017-03-12,61,63,0,78,0
香港,2017-03-13,70,68,0,76,0
香港,2017-03-14,68,0,63,83,0
香港,2017-03-15,59,63,64,66,0
香港,2017-03-16,74,66,64,63,0
香港,2017-03-17,64,66,70,63,0
香港,2017-03-18,57,61,64,57,0
香港,2017-03-19,61,0,57,61,0
香港,2017-03-20,74,72,63,61,0
香港,2017-03-21,74,72,68,59,0
香港,2017-03-22,72,78,74,74,0
香港,2017-03-23,63,76,66,64,0
香港,2017-03-24,64,72,74,59,0
香港,2017-03-25,59,59,0,59,0
香港,2017-03-26,59,59,59,59,0
香港,2017-03-27,68,61,68,61,0
香港,2017-03-28,72,63,66,0,57
香港,2017-03-29,72,74,66,66,0
香港,2017-03-30,72,61,64,57,0
香港,2017-03-31,61,61,57,59,0
香港,2017-04-01,64,64,59,64,0
香港,2017-04-02,63,63,0,57,0
香港,2017-04-03,57,63,57,59,0
香港,2017-04-04,66,0,61,57,61
香港,2017-04-05,70,68,0,66,0
香港,2017-04-06,63,63,57,63,0
香港,2017-04-07,61,57,61,57,0
香港,2017-04-08,59,59,57,57,0
香港,2017-04-09,63,63,59,0,0
香港,2017-04-10,76,93,68,61,57
香港,2017-04-11,64,66,66,61,0
香港,2017-04-12,72,78,61,59,57
香港,2017-04-13,64,63,57,57,0
香港,2017-04-14,61,72,61,61,0
香港,2017-04-15,0,0,57,0,0
香港,2017-04-16,64,61,0,0,0
香港,2017-04-17,64,59,64,63,0
香港,2017-04-18,63,72,63,64,0
香港,2017-04-19,63,61,59,63,0
香港,2017-04-20,78,70,63,66,0
香港,2017-04-21,63,66,0,63,0
香港,2017-04-22,57,64,63,0,0
香港,2017-04-23,59,61,61,57,0
香港,2017-04-24,66,61,66,63,0
香港,2017-04-25,63,63,72,0,0
香港,2017-04-26,57,64,70,61,0
香港,2017-04-27,63,64,68,57,0
香港,2017-04-28,57,64,59,61,0
香港,2017-04-29,57,59,61,0,0
香港,2017-04-30,57,57,0,0,0
香港,2017-05-01,57,64,0,57,0
香港,2017-05-02,66,64,63,61,0
香港,2017-05-03,61,59,64,61,0
香港,2017-05-04,61,61,61,0,0
香港,2017-05-05,66,63,64,66,57
香港,2017-05-06,61,63,0,0,0
香港,2017-05-07,0,64,57,0,0
香港,2017-05-08,63,63,61,63,0
香港,2017-05-09,64,64,59,0,0
香港,2017-05-10,66,63,63,57,0
香港,2017-05-11,66,59,57,63,0
香港,2017-05-12,61,63,59,57,0
香港,2017-05-13,61,57,59,57,0
香港,2017-05-14,57,59,57,63,0
香港,2017-05-15,72,72,68,57,0
香港,2017-05-16,70,68,72,63,0
香港,2017-05-17,70,70,72,63,0
香港,2017-05-18,70,83,66,63,0
香港,2017-05-19,68,66,63,61,0
香港,2017-05-20,59,59,61,57,0
香港,2017-05-21,0,61,61,57,0
香港,2017-05-22,59,64,64,61,0
香港,2017-05-23,78,85,64,59,0
香港,2017-05-24,70,74,63,57,0
香港,2017-05-25,61,66,59,61,0
香港,2017-05-26,63,66,76,61,0
香港,2017-05-27,63,68,66,0,57
香港,2017-05-28,59,63,57,59,0
香港,2017-05-29,63,70,64,57,0
香港,2017-05-30,64,59,0,0,0
香港,2017-05-31,66,74,68,59,59
香港,2017-06-01,64,70,57,59,0
香港,2017-06-02,61,61,59,59,0
香港,2017-06-03,59,0,59,63,0
香港,2017-06-04,61,63,57,0,0
香港,2017-06-05,59,68,64,0,0
香港,2017-06-06,64,64,63,0,0
香港,2017-06-07,61,63,64,63,0
香港,2017-06-08,64,70,66,63,0
香港,2017-06-09,70,64,59,59,0
香港,2017-06-10,57,61,59,0,0
香港,2017-06-11,57,0,57,0,0
香港,2017-06-12,68,76,63,0,0
香港,2017-06-13,63,63,63,61,0
香港,2017-06-14,72,64,64,64,0
香港,2017-06-15,64,78,72,63,0
香港,2017-06-16,59,68,63,63,0
香港,2017-06-17,0,59,59,0,0
香港,2017-06-18,59,61,59,0,0
香港,2017-06-19,63,66,63,63,0
香港,2017-06-20,57,68,72,63,0
香港,2017-06-21,68,59,64,59,59
香港,2017-06-22,63,85,68,68,57
香港,2017-06-23,64,74,61,64,0
香港,2017-06-24,59,66,0,0,0
香港,2017-06-25,0,63,61,0,0
香港,2017-06-26,63,76,74,64,0
香港,2017-06-27,63,80,72,57,0
香港,2017-06-28,61,72,70,61,0
香港,2017-06-29,61,63,80,59,0
香港,2017-06-30,63,118,132,118,0
香港,2017-07-01,57,118,57,0,0
香港,2017-07-02,114,118,61,59,0
香港,2017-07-03,57,129,66,59,0
香港,2017-07-04,123,124,124,121,0
香港,2017-07-05,63,139,123,59,0
香港,2017-07-06,61,137,66,64,57
香港,2017-07-07,121,125,120,122,0
香港,2017-07-08,0,116,120,0,0
香港,2017-07-09,120,133,117,59,0
香港,2017-07-10,125,135,142,61,0
香港,2017-07-11,123,152,132,64,0
香港,2017-07-12,118,153,139,57,0
香港,2017-07-13,125,132,133,121,0
香港,2017-07-14,118,140,127,59,0
香港,2017-07-15,0,118,59,57,0
香港,2017-07-16,0,64,114,57,57
香港,2017-07-17,123,139,131,118,0
香港,2017-07-18,121,140,120,116,0
香港,2017-07-19,116,136,139,63,0
香港,2017-07-20,136,148,151,59,0
香港,2017-07-21,123,184,130,118,0
香港,2017-07-22,57,124,57,0,0
香港,2017-07-23,120,125,116,0,0
香港,2017-07-24,124,140,132,114,0
香港,2017-07-25,130,156,127,114,0
香港,2017-07-26,78,148,127,57,0
香港,2017-07-27,138,131,127,59,0
香港,2017-07-28,124,133,141,125,57
香港,2017-07-29,125,129,66,0,0
香港,2017-07-30,63,124,119,57,0
香港,2017-07-31,66,135,130,0,0
香港,2017-08-01,120,131,133,59,0
香港,2017-08-02,61,138,130,120,0
香港,2017-08-03,121,136,135,59,0
香港,2017-08-04,123,149,121,59,0
香港,2017-08-05,0,127,124,57,0
香港,2017-08-06,0,125,120,57,0
香港,2017-08-07,133,78,142,61,0
香港,2017-08-08,129,156,133,61,0
香港,2017-08-09,123,135,143,59,0
香港,2017-08-10,118,146,125,66,0
香港,2017-08-11,66,61,125,59,0
香港,2017-08-12,0,120,116,57,0
香港,2017-08-13,0,61,116,57,0
香港,2017-08-14,74,139,163,118,0
香港,2017-08-15,63,144,148,61,0
香港,2017-08-16,63,135,143,64,0
香港,2017-08-17,125,133,135,59,57
香港,2017-08-18,135,132,131,63,0
香港,2017-08-19,121,119,60,59,0
香港,2017-08-20,63,114,127,0,0
香港,2017-08-21,64,154,146,59,0
香港,2017-08-22,121,141,135,64,0
香港,2017-08-23,127,144,138,59,57
香港,2017-08-24,74,137,170,63,0
香港,2017-08-25,121,68,133,0,0
香港,2017-08-26,114,131,145,0,0
香港,2017-08-27,116,124,136,57,0
香港,2017-08-28,118,136,138,57,0
香港,2017-08-29,121,140,154,57,0
香港,2017-08-30,66,131,171,120,0
香港,2017-08-31,64,149,152,114,0
香港,2017-09-01,128,144,150,116,0
香港,2017-09-02,119,120,137,116,0
香港,2017-09-03,59,125,129,57,0
香港,2017-09-04,137,170,159,57,57
香港,2017-09-05,133,157,168,120,0
香港,2017-09-06,133,138,158,119,0
香港,2017-09-07,118,137,155,74,0
香港,2017-09-08,118,123,141,122,57
香港,2017-09-09,61,65,130,118,0
香港,2017-09-10,57,138,137,57,0
香港,2017-09-11,123,150,155,129,0
香港,2017-09-12,123,159,148,125,0
香港,2017-09-13,74,134,129,119,57
香港,2017-09-14,129,134,124,120,59
香港,2017-09-15,121,146,148,114,0
香港,2017-09-16,60,137,118,57,0
香港,2017-09-17,118,127,120,57,59
香港,2017-09-18,131,131,148,57,59
香港,2017-09-19,123,142,127,61,66
香港,2017-09-20,131,139,142,61,0
香港,2017-09-21,87,142,133,128,0
香港,2017-09-22,120,137,142,118,59
香港,2017-09-23,61,118,120,63,0
香港,2017-09-24,118,114,126,57,0
香港,2017-09-25,133,141,131,61,0
香港,2017-09-26,125,124,139,132,0
香港,2017-09-27,138,133,129,63,0
香港,2017-09-28,127,146,136,138,0
香港,2017-09-29,68,124,146,120,0
香港,2017-09-30,120,121,64,0,57
香港,2017-10-01,59,116,60,57,0
香港,2017-10-02,117,116,121,114,0
香港,2017-10-03,59,132,122,64,57
香港,2017-10-04,126,127,59,57,0
香港,2017-10-05,114,138,120,59,0
香港,2017-10-06,132,133,145,63,0
香港,2017-10-07,119,133,129,61,0
香港,2017-10-08,116,61,0,116,0
香港,2017-10-09,123,135,133,57,0
香港,2017-10-10,130,146,66,64,57
香港,2017-10-11,133,136,129,68,0
香港,2017-10-12,87,126,129,123,0
香港,2017-10-13,126,140,72,114,0
香港,2017-10-14,122,76,120,116,0
香港,2017-10-15,68,129,0,64,0
香港,2017-10-16,61,140,143,61,0
香港,2017-10-17,127,156,137,63,0
香港,2017-10-18,78,139,59,61,0
香港,2017-10-19,129,184,145,120,0
香港,2017-10-20,125,145,133,125,57
香港,2017-10-21,129,139,123,0,0
香港,2017-10-22,125,120,122,63,0
香港,2017-10-23,82,152,131,114,57
香港,2017-10-24,162,154,130,120,0
香港,2017-10-25,139,149,118,59,0
香港,2017-10-26,138,158,131,63,0
香港,2017-10-27,131,135,131,63,0
香港,2017-10-28,127,120,114,116,0
香港,2017-10-29,121,132,118,59,0
香港,2017-10-30,142,148,124,124,57
香港,2017-10-31,121,151,76,119,0
香港,2017-11-01,120,160,134,116,0
香港,2017-11-02,128,142,159,120,0
香港,2017-11-03,125,131,125,57,0
香港,2017-11-04,114,131,129,114,0
香港,2017-11-05,133,147,123,0,0
香港,2017-11-06,137,156,134,59,0
香港,2017-11-07,133,143,149,116,57
香港,2017-11-08,127,147,154,123,0
香港,2017-11-09,72,156,151,59,0
香港,2017-11-10,119,129,136,66,57
香港,2017-11-11,127,123,121,0,0
香港,2017-11-12,61,125,118,123,0
香港,2017-11-13,120,153,145,63,0
香港,2017-11-14,130,129,133,61,0
香港,2017-11-15,74,150,150,63,0
香港,2017-11-16,165,148,137,63,0
香港,2017-11-17,123,127,154,125,0
香港,2017-11-18,0,129,124,117,0
香港,2017-11-19,120,130,123,59,0
香港,2017-11-20,121,132,148,63,0
香港,2017-11-21,126,139,82,64,0
香港,2017-11-22,132,152,158,108,0
香港,2017-11-23,134,147,158,123,0
香港,2017-11-24,137,133,154,126,0
香港,2017-11-25,64,65,136,59,0
香港,2017-11-26,61,126,136,57,0
香港,2017-11-27,130,162,141,63,0
香港,2017-11-28,121,158,137,59,0
香港,2017-11-29,80,148,148,63,59
香港,2017-11-30,124,135,143,0,0
香港,2017-12-01,120,142,144,66,0
香港,2017-12-02,120,124,135,59,0
香港,2017-12-03,59,146,135,57,0
香港,2017-12-04,74,176,149,57,0
香港,2017-12-05,127,186,151,121,0
香港,2017-12-06,127,172,137,66,0
香港,2017-12-07,129,154,160,126,0
香港,2017-12-08,119,135,157,66,0
香港,2017-12-09,130,127,124,57,0
香港,2017-12-10,124,131,130,57,0
香港,2017-12-11,154,141,165,61,57
香港,2017-12-12,127,141,168,61,57
香港,2017-12-13,122,150,160,124,0
香港,2017-12-14,150,161,148,80,57
香港,2017-12-15,123,166,152,59,57
香港,2017-12-16,57,124,131,116,0
香港,2017-12-17,121,74,148,59,0
香港,2017-12-18,124,140,151,120,0
香港,2017-12-19,61,149,182,63,0
香港,2017-12-20,123,139,179,0,0
香港,2017-12-21,61,143,169,61,57
香港,2017-12-22,66,130,158,63,0
香港,2017-12-23,0,59,133,0,0
香港,2017-12-24,64,121,117,57,0
香港,2017-12-25,66,72,126,57,0
香港,2017-12-26,125,137,154,57,0
香港,2017-12-27,138,134,153,57,0
香港,2017-12-28,66,70,150,57,0
香港,2017-12-29,59,123,138,57,0
香港,2017-12-30,0,123,134,0,0
香港,2017-12-31,114,66,124,57,0
香港,2018-01-01,115,66,129,0,0
香港,2018-01-02,57,70,160,57,0
香港,2018-01-03,61,147,177,63,0
香港,2018-01-04,61,132,164,61,0
香港,2018-01-05,61,137,238,0,0
香港,2018-01-06,0,137,152,57,0
香港,2018-01-07,117,136,166,57,0
香港,2018-01-08,70,137,277,0,0
香港,2018-01-09,78,97,259,68,0
香港,2018-01-10,68,139,448,59,0
香港,2018-01-11,121,140,546,78,0
香港,2018-01-12,121,135,409,59,0
香港,2018-01-13,57,127,237,57,0
香港,2018-01-14,57,119,247,59,0
香港,2018-01-15,120,141,339,63,0
香港,2018-01-16,123,123,309,116,0
香港,2018-01-17,125,139,327,66,0
香港,2018-01-18,128,146,275,57,0
香港,2018-01-19,121,156,239,66,0
香港,2018-01-20,59,126,175,0,0
香港,2018-01-21,116,143,177,57,0
香港,2018-01-22,68,134,254,116,57
香港,2018-01-23,135,145,256,61,0
香港,2018-01-24,126,145,237,118,0
香港,2018-01-25,121,140,237,61,0
香港,2018-01-26,125,121,227,121,0
香港,2018-01-27,115,132,156,117,0
香港,2018-01-28,114,123,176,118,0
香港,2018-01-29,72,136,252,70,0
香港,2018-01-30,129,145,250,118,0
香港,2018-01-31,125,137,255,124,0
香港,2018-02-01,136,139,239,66,0
香港,2018-02-02,130,128,214,66,0
香港,2018-02-03,135,127,188,59,0
香港,2018-02-04,119,115,169,0,57
香港,2018-02-05,124,135,235,123,0
香港,2018-02-06,135,133,255,121,0
香港,2018-02-07,122,141,204,59,0
香港,2018-02-08,130,135,258,61,0
香港,2018-02-09,123,145,217,66,0
香港,2018-02-10,0,130,175,0,0
香港,2018-02-11,61,132,197,59,57
香港,2018-02-12,123,125,203,0,0
香港,2018-02-13,114,64,200,0,0
香港,2018-02-14,114,61,168,57,0
香港,2018-02-15,0,116,124,0,0
香港,2018-02-16,61,58,131,0,0
香港,2018-02-17,117,115,140,0,0
香港,2018-02-18,57,119,158,57,0
香港,2018-02-19,57,124,174,57,0
香港,2018-02-20,57,131,201,61,0
香港,2018-02-21,119,117,190,61,0
香港,2018-02-22,57,63,215,59,0
香港,2018-02-23,129,133,234,59,0
香港,2018-02-24,117,140,246,0,0
香港,2018-02-25,120,115,187,57,0
香港,2018-02-26,133,138,303,68,0
香港,2018-02-27,63,141,376,68,0
香港,2018-02-28,130,128,382,59,59
香港,2018-03-01,123,149,347,76,0
香港,2018-03-02,127,139,293,119,0
香港,2018-03-03,64,126,219,61,0
香港,2018-03-04,63,127,190,59,0
香港,2018-03-05,74,152,338,131,0
香港,2018-03-06,137,145,343,66,0
香港,2018-03-07,83,147,309,129,57
香港,2018-03-08,134,152,341,61,0
香港,2018-03-09,124,143,328,118,0
香港,2018-03-10,63,129,207,114,0
香港,2018-03-11,123,131,208,57,0
香港,2018-03-12,116,146,316,74,0
香港,2018-03-13,124,133,286,70,0
香港,2018-03-14,135,132,275,120,0
香港,2018-03-15,121,139,274,121,0
香港,2018-03-16,116,153,249,122,0
香港,2018-03-17,121,130,176,61,0
香港,2018-03-18,59,144,181,63,0
香港,2018-03-19,68,156,271,117,0
香港,2018-03-20,74,141,277,57,0
香港,2018-03-21,121,145,276,123,57
香港,2018-03-22,120,131,298,64,57
香港,2018-03-23,117,143,281,68,0
香港,2018-03-24,61,61,176,63,0
香港,2018-03-25,66,127,191,61,0
香港,2018-03-26,132,70,263,59,0
香港,2018-03-27,141,138,259,140,0
香港,2018-03-28,61,121,247,123,0
香港,2018-03-29,119,121,230,64,0
香港,2018-03-30,119,119,184,59,0
香港,2018-03-31,114,127,147,0,0
香港,2018-04-01,114,59,157,61,0
香港,2018-04-02,123,126,222,63,0
香港,2018-04-03,126,74,206,116,0
香港,2018-04-04,120,132,188,59,0
香港,2018-04-05,70,128,164,0,0
香港,2018-04-06,64,128,169,63,0
香港,2018-04-07,70,130,160,57,0
香港,2018-04-08,59,127,180,63,0
香港,2018-04-09,121,124,241,64,0
香港,2018-04-10,76,129,246,63,0
香港,2018-04-11,124,136,209,59,0
香港,2018-04-12,125,135,240,124,0
香港,2018-04-13,131,128,250,61,0
香港,2018-04-14,120,126,165,66,0
香港,2018-04-15,125,115,160,57,0
香港,2018-04-16,131,137,235,118,0
香港,2018-04-17,70,119,216,61,59
香港,2018-04-18,124,146,214,119,0
香港,2018-04-19,125,131,249,116,0
香港,2018-04-20,127,124,210,126,57
香港,2018-04-21,66,61,169,120,0
香港,2018-04-22,70,78,159,125,0
香港,2018-04-23,136,126,191,134,0
香港,2018-04-24,126,120,257,132,59
香港,2018-04-25,140,124,263,63,57
香港,2018-04-26,134,125,253,121,0
香港,2018-04-27,126,119,188,61,0
香港,2018-04-28,63,126,188,61,0
香港,2018-04-29,114,60,172,61,0
香港,2018-04-30,59,117,167,61,0
香港,2018-05-01,64,63,156,63,0
香港,2018-05-02,135,120,204,68,0
香港,2018-05-03,131,57,230,63,0
香港,2018-05-04,70,133,198,125,0
香港,2018-05-05,120,61,168,57,0
香港,2018-05-06,117,69,169,57,0
香港,2018-05-07,123,120,185,115,0
香港,2018-05-08,123,118,211,57,0
香港,2018-05-09,124,135,221,119,0
香港,2018-05-10,72,59,222,122,0
香港,2018-05-11,61,121,197,64,0
香港,2018-05-12,61,57,183,118,0
香港,2018-05-13,59,58,155,61,0
香港,2018-05-14,70,117,256,63,0
香港,2018-05-15,59,118,219,58,0
香港,2018-05-16,124,126,239,61,0
香港,2018-05-17,68,132,238,118,0
香港,2018-05-18,123,61,234,64,0
香港,2018-05-19,117,61,147,57,0
香港,2018-05-20,61,117,150,0,0
香港,2018-05-21,66,124,214,116,57
香港,2018-05-22,57,115,231,57,0
香港,2018-05-23,128,123,207,64,0
香港,2018-05-24,117,118,265,61,0
香港,2018-05-25,130,60,206,72,0
香港,2018-05-26,120,115,164,115,0
香港,2018-05-27,127,60,180,0,0
香港,2018-05-28,146,61,255,57,0
香港,2018-05-29,128,66,233,121,0
香港,2018-05-30,126,116,235,64,0
香港,2018-05-31,122,124,208,114,0
香港,2018-06-01,64,0,192,70,0
香港,2018-06-02,57,63,178,115,0
香港,2018-06-03,0,60,165,57,0
香港,2018-06-04,66,116,229,68,0
香港,2018-06-05,121,114,230,61,0
香港,2018-06-06,121,60,200,0,0
香港,2018-06-07,63,59,191,0,0
香港,2018-06-08,57,117,215,63,0
香港,2018-06-09,116,118,180,60,0
香港,2018-06-10,58,60,171,0,0
香港,2018-06-11,68,58,198,64,0
香港,2018-06-12,118,116,175,61,57
香港,2018-06-13,130,0,187,59,0
香港,2018-06-14,118,114,193,61,0
香港,2018-06-15,68,57,166,59,0
香港,2018-06-16,57,138,135,0,0
香港,2018-06-17,66,120,135,0,0
香港,2018-06-18,120,120,142,57,0
香港,2018-06-19,64,128,151,0,57
香港,2018-06-20,63,122,214,63,0
香港,2018-06-21,0,58,173,61,0
香港,2018-06-22,61,120,167,61,0
香港,2018-06-23,114,122,141,57,0
香港,2018-06-24,63,65,136,57,0
香港,2018-06-25,129,120,191,57,0
香港,2018-06-26,64,119,179,118,0
香港,2018-06-27,128,117,195,120,57
香港,2018-06-28,124,61,173,63,0
香港,2018-06-29,118,58,177,59,0
香港,2018-06-30,63,57,139,57,0
香港,2018-07-01,0,131,127,0,0
香港,2018-07-02,115,147,156,57,0
香港,2018-07-03,125,171,185,0,0
香港,2018-07-04,126,72,182,59,59
香港,2018-07-05,61,117,192,61,0
香港,2018-07-06,117,121,179,59,0
香港,2018-07-07,58,61,137,57,0
香港,2018-07-08,61,117,152,0,0
香港,2018-07-09,66,119,187,57,0
香港,2018-07-10,76,57,205,61,57
香港,2018-07-11,66,60,208,119,0
香港,2018-07-12,70,123,210,59,0
香港,2018-07-13,120,128,222,116,0
香港,2018-07-14,61,60,149,59,0
香港,2018-07-15,117,57,137,59,0
香港,2018-07-16,64,115,192,59,0
香港,2018-07-17,68,125,210,64,0
香港,2018-07-18,135,117,196,64,0
香港,2018-07-19,119,122,197,117,0
香港,2018-07-20,61,115,217,0,0
香港,2018-07-21,120,120,160,0,0
香港,2018-07-22,59,117,160,0,0
香港,2018-07-23,132,124,179,114,57
香港,2018-07-24,57,122,209,59,0
香港,2018-07-25,127,124,199,66,0
香港,2018-07-26,126,125,192,61,0
香港,2018-07-27,121,118,200,0,59
香港,2018-07-28,0,124,158,0,0
香港,2018-07-29,57,120,152,0,0
香港,2018-07-30,121,118,175,61,0
香港,2018-07-31,129,71,177,68,59
香港,2018-08-01,123,0,180,61,0
香港,2018-08-02,122,123,182,59,0
香港,2018-08-03,114,138,181,61,0
香港,2018-08-04,0,121,142,57,0
香港,2018-08-05,61,131,148,57,0
香港,2018-08-06,119,154,226,59,0
香港,2018-08-07,119,123,182,61,0
香港,2018-08-08,120,117,181,59,0
香港,2018-08-09,123,58,210,116,0
香港,2018-08-10,122,58,186,119,0
香港,2018-08-11,57,60,134,57,0
香港,2018-08-12,115,116,156,57,0
香港,2018-08-13,63,119,166,66,0
香港,2018-08-14,74,121,195,61,0
香港,2018-08-15,127,0,182,117,0
香港,2018-08-16,63,57,207,120,0
香港,2018-08-17,61,0,173,63,0
香港,2018-08-18,116,57,139,57,0
香港,2018-08-19,114,0,135,0,0
香港,2018-08-20,124,118,181,57,0
香港,2018-08-21,130,57,174,61,0
香港,2018-08-22,126,67,206,63,0
香港,2018-08-23,121,61,187,118,0
香港,2018-08-24,122,117,169,120,0
香港,2018-08-25,57,117,173,57,0
香港,2018-08-26,114,57,143,0,0
香港,2018-08-27,63,60,170,57,0
香港,2018-08-28,64,122,172,59,0
香港,2018-08-29,64,58,165,57,0
香港,2018-08-30,116,120,144,59,0
香港,2018-08-31,119,59,142,0,0
香港,2018-09-01,0,67,132,57,0
香港,2018-09-02,61,115,128,0,0
香港,2018-09-03,121,63,162,59,0
香港,2018-09-04,122,59,141,63,0
香港,2018-09-05,120,116,175,64,57
香港,2018-09-06,68,119,165,58,0
香港,2018-09-07,117,119,137,124,0
香港,2018-09-08,66,57,129,0,0
香港,2018-09-09,116,60,141,115,0
香港,2018-09-10,122,119,162,114,59
香港,2018-09-11,66,129,170,57,0
香港,2018-09-12,63,119,151,59,0
香港,2018-09-13,121,63,146,57,0
香港,2018-09-14,59,117,143,57,0
香港,2018-09-15,0,58,127,59,0
香港,2018-09-16,57,57,58,57,0
香港,2018-09-17,61,129,134,61,0
香港,2018-09-18,61,131,157,57,0
香港,2018-09-19,61,114,174,57,0
香港,2018-09-20,121,124,141,57,0
香港,2018-09-21,118,119,143,0,0
香港,2018-09-22,119,120,127,58,0
香港,2018-09-23,114,115,126,57,0
香港,2018-09-24,61,57,120,0,0
香港,2018-09-25,61,66,130,120,0
香港,2018-09-26,116,66,143,61,0
香港,2018-09-27,57,58,152,66,0
香港,2018-09-28,122,60,150,115,0
香港,2018-09-29,124,69,132,117,0
香港,2018-09-30,122,60,132,59,0
香港,2018-10-01,57,63,66,0,0
香港,2018-10-02,129,129,141,59,0
香港,2018-10-03,123,127,137,0,0
香港,2018-10-04,131,66,76,57,0
香港,2018-10-05,64,122,137,61,0
香港,2018-10-06,119,118,122,114,0
香港,2018-10-07,119,65,142,0,0
香港,2018-10-08,124,122,185,116,0
香港,2018-10-09,66,124,161,122,0
香港,2018-10-10,134,0,177,119,0
香港,2018-10-11,140,58,155,64,0
香港,2018-10-12,124,59,160,114,0
香港,2018-10-13,64,0,130,58,0
香港,2018-10-14,116,118,128,57,0
香港,2018-10-15,124,127,147,118,0
香港,2018-10-16,134,65,167,61,0
香港,2018-10-17,130,140,146,0,0
香港,2018-10-18,130,66,151,116,0
香港,2018-10-19,141,117,186,64,0
香港,2018-10-20,122,121,144,61,0
香港,2018-10-21,123,123,130,59,0
香港,2018-10-22,135,118,189,119,0
香港,2018-10-23,58,137,182,60,0
香港,2018-10-24,120,132,199,0,0
香港,2018-10-25,64,139,184,57,0
香港,2018-10-26,66,131,181,58,0
香港,2018-10-27,59,121,148,61,57
香港,2018-10-28,57,130,150,57,0
香港,2018-10-29,120,136,160,0,0
香港,2018-10-30,120,139,166,61,0
香港,2018-10-31,123,128,180,63,0
香港,2018-11-01,121,143,188,0,57
香港,2018-11-02,125,135,158,116,0
香港,2018-11-03,124,128,137,57,0
香港,2018-11-04,122,128,140,0,0
香港,2018-11-05,124,142,180,120,0
香港,2018-11-06,133,143,186,57,0
香港,2018-11-07,134,149,184,57,0
香港,2018-11-08,72,143,164,59,0
香港,2018-11-09,66,143,157,57,0
香港,2018-11-10,118,123,122,0,0
香港,2018-11-11,57,121,127,0,0
香港,2018-11-12,66,141,150,61,0
香港,2018-11-13,61,132,167,57,0
香港,2018-11-14,59,140,162,59,0
香港,2018-11-15,118,135,143,61,0
香港,2018-11-16,123,138,153,64,61
香港,2018-11-17,61,61,120,57,0
香港,2018-11-18,115,63,135,120,0
香港,2018-11-19,121,133,163,114,0
香港,2018-11-20,125,120,150,57,0
香港,2018-11-21,64,124,161,114,0
香港,2018-11-22,121,126,160,61,0
香港,2018-11-23,128,133,156,124,0
香港,2018-11-24,68,141,128,0,0
香港,2018-11-25,61,121,132,114,0
香港,2018-11-26,129,135,159,63,0
香港,2018-11-27,124,146,146,120,0
香港,2018-11-28,66,132,145,117,0
香港,2018-11-29,61,139,147,59,0
香港,2018-11-30,59,124,146,66,0
香港,2018-12-01,116,120,124,0,0
香港,2018-12-02,116,132,119,59,0
香港,2018-12-03,133,139,156,61,0
香港,2018-12-04,63,124,131,68,57
香港,2018-12-05,123,125,87,57,0
香港,2018-12-06,0,139,190,0,0
香港,2018-12-07,57,137,171,57,0
香港,2018-12-08,57,60,126,0,0
香港,2018-12-09,57,128,130,0,0
香港,2018-12-10,57,132,143,57,0
香港,2018-12-11,58,72,137,0,0
香港,2018-12-12,0,122,147,0,0
香港,2018-12-13,0,124,135,0,0
香港,2018-12-14,114,123,136,0,0
香港,2018-12-15,58,116,140,0,0
香港,2018-12-16,0,63,159,57,0
香港,2018-12-17,0,129,141,61,0
香港,2018-12-18,57,127,131,0,0
香港,2018-12-19,59,134,147,0,0
香港,2018-12-20,0,70,135,0,0
香港,2018-12-21,0,117,129,0,0
香港,2018-12-22,0,116,119,0,0
香港,2018-12-23,0,118,124,0,0
香港,2018-12-24,0,59,125,0,0
香港,2018-12-25,57,124,117,0,0
香港,2018-12-26,57,114,124,0,0
香港,2018-12-27,118,63,118,0,0
香港,2018-12-28,57,117,124,0,0
香港,2018-12-29,0,120,58,0,0
香港,2018-12-30,0,0,58,0,0
香港,2018-12-31,0,116,58,0,0
香港,2019-01-01,0,120,60,0,0
香港,2019-01-02,57,66,133,0,0
香港,2019-01-03,0,64,128,57,0
香港,2019-01-04,59,123,134,57,0
香港,2019-01-05,0,58,122,0,0
香港,2019-01-06,57,114,69,0,0
香港,2019-01-07,121,125,138,66,0
香港,2019-01-08,59,135,140,63,0
香港,2019-01-09,120,63,122,125,0
香港,2019-01-10,117,121,137,64,0
香港,2019-01-11,120,114,139,57,0
香港,2019-01-12,120,0,66,0,0
香港,2019-01-13,116,115,60,116,0
香港,2019-01-14,63,72,130,59,0
香港,2019-01-15,121,122,152,57,0
香港,2019-01-16,59,117,142,124,0
香港,2019-01-17,59,66,126,116,0
香港,2019-01-18,124,58,128,61,0
香港,2019-01-19,57,60,58,115,0
香港,2019-01-20,57,117,118,57,0
香港,2019-01-21,118,63,156,59,0
香港,2019-01-22,59,123,139,64,59
香港,2019-01-23,126,188,150,0,0
香港,2019-01-24,127,125,132,122,0
香港,2019-01-25,120,137,141,0,0
香港,2019-01-26,59,125,58,0,0
香港,2019-01-27,59,118,60,0,0
香港,2019-01-28,117,117,123,0,0
香港,2019-01-29,132,122,65,0,0
香港,2019-01-30,68,128,124,63,0
香港,2019-01-31,64,63,128,57,0
香港,2019-02-01,57,0,114,0,0
香港,2019-02-02,0,57,60,0,0
香港,2019-02-03,60,60,63,59,0
香港,2019-02-04,57,58,115,57,0
香港,2019-02-05,0,114,58,0,0
香港,2019-02-06,0,57,0,0,0
香港,2019-02-07,0,65,57,57,0
香港,2019-02-08,117,0,66,57,0
香港,2019-02-09,0,0,0,0,0
香港,2019-02-10,57,63,117,61,0
香港,2019-02-11,63,125,128,116,57
香港,2019-02-12,122,128,126,61,0
香港,2019-02-13,121,128,134,61,0
香港,2019-02-14,68,134,134,115,0
香港,2019-02-15,123,125,128,114,0
香港,2019-02-16,114,122,65,0,0
香港,2019-02-17,116,116,73,58,0
香港,2019-02-18,127,64,132,61,0
香港,2019-02-19,61,127,135,61,0
香港,2019-02-20,123,123,140,63,0
香港,2019-02-21,126,129,144,122,0
香港,2019-02-22,128,123,130,61,0
香港,2019-02-23,122,58,63,116,0
香港,2019-02-24,122,60,61,57,0
香港,2019-02-25,61,122,131,68,0
香港,2019-02-26,64,130,139,115,0
香港,2019-02-27,63,134,133,64,57
香港,2019-02-28,63,59,128,66,0
香港,2019-03-01,121,58,122,0,0
香港,2019-03-02,119,119,60,0,0
香港,2019-03-03,63,121,63,0,0
香港,2019-03-04,123,125,117,61,0
香港,2019-03-05,127,70,134,68,0
香港,2019-03-06,132,140,139,57,0
香港,2019-03-07,63,131,128,66,0
香港,2019-03-08,63,128,133,61,0
香港,2019-03-09,124,120,0,117,0
香港,2019-03-10,117,131,57,59,0
香港,2019-03-11,140,129,136,121,0
香港,2019-03-12,125,143,130,118,57
香港,2019-03-13,125,122,137,0,0
香港,2019-03-14,116,145,151,118,0
香港,2019-03-15,122,129,127,120,0
香港,2019-03-16,119,57,127,119,0
香港,2019-03-17,120,126,131,61,57
香港,2019-03-18,68,126,124,123,0
香港,2019-03-19,125,128,128,64,0
香港,2019-03-20,123,137,126,120,0
香港,2019-03-21,125,124,142,63,0
香港,2019-03-22,63,140,120,57,0
香港,2019-03-23,114,120,67,120,0
香港,2019-03-24,125,121,128,57,0
香港,2019-03-25,63,122,117,59,0
香港,2019-03-26,123,128,125,117,0
香港,2019-03-27,121,118,124,0,0
香港,2019-03-28,128,130,70,115,0
香港,2019-03-29,119,117,120,116,0
香港,2019-03-30,114,126,125,0,0
香港,2019-03-31,64,134,126,0,0
香港,2019-04-01,63,120,144,61,0
香港,2019-04-02,117,129,145,0,0
香港,2019-04-03,63,121,157,117,0
香港,2019-04-04,116,63,150,57,0
香港,2019-04-05,0,60,65,0,0
香港,2019-04-06,0,57,115,57,0
香港,2019-04-07,0,0,65,0,0
香港,2019-04-08,114,122,137,57,0
香港,2019-04-09,123,127,146,59,57
香港,2019-04-10,123,78,141,117,0
香港,2019-04-11,123,64,135,57,0
香港,2019-04-12,61,64,131,57,0
香港,2019-04-13,57,116,120,58,0
香港,2019-04-14,122,124,127,0,0
香港,2019-04-15,61,129,131,0,0
香港,2019-04-16,70,133,139,116,0
香港,2019-04-17,114,121,147,114,0
香港,2019-04-18,142,125,135,59,0
香港,2019-04-19,133,124,128,115,0
香港,2019-04-20,60,61,65,57,0
香港,2019-04-21,59,121,60,57,0
香港,2019-04-22,116,131,121,57,0
香港,2019-04-23,114,64,135,0,0
香港,2019-04-24,117,66,138,0,57
香港,2019-04-25,64,124,130,57,0
香港,2019-04-26,72,121,137,59,0
香港,2019-04-27,118,61,122,61,0
香港,2019-04-28,63,124,117,57,0
香港,2019-04-29,61,122,73,0,0
香港,2019-04-30,63,120,78,57,0
香港,2019-05-01,59,117,67,59,0
香港,2019-05-02,0,61,115,57,0
香港,2019-05-03,57,57,66,58,0
香港,2019-05-04,116,0,119,0,0
香港,2019-05-05,0,0,128,0,0
香港,2019-05-06,59,131,143,59,0
香港,2019-05-07,63,120,123,0,57
香港,2019-05-08,0,121,118,59,0
香港,2019-05-09,57,118,74,114,0
香港,2019-05-10,57,57,122,58,0
香港,2019-05-11,57,57,69,0,0
香港,2019-05-12,57,116,123,58,0
香港,2019-05-13,57,118,57,0,0
香港,2019-05-14,58,121,122,57,0
香港,2019-05-15,116,61,122,57,0
香港,2019-05-16,57,130,73,57,57
香港,2019-05-17,57,114,115,0,0
香港,2019-05-18,61,58,117,57,0
香港,2019-05-19,0,65,0,0,0
香港,2019-05-20,57,58,121,0,0
香港,2019-05-21,63,119,124,114,0
香港,2019-05-22,115,117,131,117,0
香港,2019-05-23,57,124,64,59,0
香港,2019-05-24,0,118,133,0,0
香港,2019-05-25,57,118,67,0,0
香港,2019-05-26,115,65,69,0,0
香港,2019-05-27,117,65,128,58,0
香港,2019-05-28,120,61,141,0,0
香港,2019-05-29,61,60,126,0,0
香港,2019-05-30,57,119,124,0,0
香港,2019-05-31,0,0,70,61,0
香港,2019-06-01,65,60,73,57,0
香港,2019-06-02,59,57,61,57,0
香港,2019-06-03,0,61,71,116,0
香港,2019-06-04,64,61,143,0,61
香港,2019-06-05,0,117,161,117,0
香港,2019-06-06,59,61,142,0,0
香港,2019-06-07,61,0,66,57,0
香港,2019-06-08,0,117,115,0,0
香港,2019-06-09,57,60,67,0,0
香港,2019-06-10,0,115,136,57,0
香港,2019-06-11,116,118,132,0,0
香港,2019-06-12,0,119,126,59,0
香港,2019-06-13,115,118,137,0,0
香港,2019-06-14,59,118,139,0,0
香港,2019-06-15,0,58,69,0,0
香港,2019-06-16,0,57,128,0,0
香港,2019-06-17,0,61,141,0,0
香港,2019-06-18,114,118,135,0,0
香港,2019-06-19,118,61,150,0,0
香港,2019-06-20,118,57,136,115,0
香港,2019-06-21,63,115,133,0,0
香港,2019-06-22,59,57,127,57,57
香港,2019-06-23,57,0,122,0,0
香港,2019-06-24,57,117,151,118,0
香港,2019-06-25,116,118,132,117,0
香港,2019-06-26,70,57,162,0,0
香港,2019-06-27,59,61,135,63,0
香港,2019-06-28,123,63,128,0,0
香港,2019-06-29,59,57,130,57,0
香港,2019-06-30,116,60,117,0,0
香港,2019-07-01,114,114,124,57,0
香港,2019-07-02,57,63,137,0,0
香港,2019-07-03,59,58,133,114,0
香港,2019-07-04,127,61,117,115,0
香港,2019-07-05,59,64,124,0,0
香港,2019-07-06,57,60,60,0,0
香港,2019-07-07,0,115,125,0,0
香港,2019-07-08,63,120,128,116,0
香港,2019-07-09,117,114,130,0,0
香港,2019-07-10,61,125,70,115,57
香港,2019-07-11,118,118,125,114,0
香港,2019-07-12,119,120,60,114,0
香港,2019-07-13,57,60,122,0,0
香港,2019-07-14,57,119,65,0,0
香港,2019-07-15,122,120,151,57,0
香港,2019-07-16,63,116,124,59,0
香港,2019-07-17,129,66,79,57,0
香港,2019-07-18,118,126,130,0,0
香港,2019-07-19,120,125,127,57,0
香港,2019-07-20,57,58,125,57,0
香港,2019-07-21,0,117,127,116,0
香港,2019-07-22,123,129,134,0,0
香港,2019-07-23,128,129,69,59,0
香港,2019-07-24,0,59,144,61,0
香港,2019-07-25,125,130,155,58,0
香港,2019-07-26,59,116,71,57,0
香港,2019-07-27,116,58,69,0,0
香港,2019-07-28,118,57,125,0,0
香港,2019-07-29,115,128,155,63,0
香港,2019-07-30,125,60,136,0,0
香港,2019-07-31,116,120,79,60,0
香港,2019-08-01,121,123,63,0,0
香港,2019-08-02,122,68,130,0,0
香港,2019-08-03,57,57,123,0,0
香港,2019-08-04,0,59,60,0,0
香港,2019-08-05,119,114,126,59,0
香港,2019-08-06,61,117,127,57,0
香港,2019-08-07,125,114,76,57,0
香港,2019-08-08,66,117,124,57,0
香港,2019-08-09,59,116,124,57,0
香港,2019-08-10,57,114,123,0,0
香港,2019-08-11,58,0,117,0,0
香港,2019-08-12,61,122,61,58,0
香港,2019-08-13,124,64,61,0,0
香港,2019-08-14,61,123,116,0,0
香港,2019-08-15,121,122,122,0,0
香港,2019-08-16,59,116,120,0,0
香港,2019-08-17,57,116,123,0,0
香港,2019-08-18,114,57,114,0,0
香港,2019-08-19,59,0,124,0,0
香港,2019-08-20,125,121,128,115,0
香港,2019-08-21,0,122,117,57,0
香港,2019-08-22,61,125,126,57,0
香港,2019-08-23,57,58,124,59,0
香港,2019-08-24,57,58,120,57,0
香港,2019-08-25,0,61,133,60,0
香港,2019-08-26,63,114,118,59,0
香港,2019-08-27,119,120,124,57,0
香港,2019-08-28,66,115,140,57,0
香港,2019-08-29,119,128,132,59,0
香港,2019-08-30,119,129,117,57,0
香港,2019-08-31,57,114,123,59,0
香港,2019-09-01,59,63,122,57,0
香港,2019-09-02,124,66,126,57,0
香港,2019-09-03,0,131,124,64,0
香港,2019-09-04,119,123,131,116,0
香港,2019-09-05,119,128,146,59,0
香港,2019-09-06,119,120,124,59,0
香港,2019-09-07,57,58,123,57,0
香港,2019-09-08,0,60,70,57,0
香港,2019-09-09,120,127,120,63,0
香港,2019-09-10,133,123,118,118,0
香港,2019-09-11,120,121,131,61,0
香港,2019-09-12,124,63,133,61,0
香港,2019-09-13,116,114,124,60,0
香港,2019-09-14,115,61,114,0,0
香港,2019-09-15,0,0,120,0,0
香港,2019-09-16,122,129,131,121,0
香港,2019-09-17,125,114,139,114,0
香港,2019-09-18,66,121,123,64,57
香港,2019-09-19,128,64,117,124,0
香港,2019-09-20,61,126,132,121,0
香港,2019-09-21,61,117,122,0,0
香港,2019-09-22,116,57,128,57,0
香港,2019-09-23,64,124,126,118,0
香港,2019-09-24,126,124,123,119,0
香港,2019-09-25,117,117,128,57,0
香港,2019-09-26,124,132,126,61,0
香港,2019-09-27,58,124,60,59,0
香港,2019-09-28,118,121,120,57,0
香港,2019-09-29,57,117,57,0,0
香港,2019-09-30,117,122,117,58,0
香港,2019-10-01,0,0,66,0,0
香港,2019-10-02,114,58,117,0,0
香港,2019-10-03,57,122,124,57,0
香港,2019-10-04,0,124,122,57,0
香港,2019-10-05,0,63,120,57,0
香港,2019-10-06,60,59,123,57,0
香港,2019-10-07,57,122,60,57,0
香港,2019-10-08,128,66,58,57,0
香港,2019-10-09,119,120,65,57,0
香港,2019-10-10,120,126,67,128,0
香港,2019-10-11,126,134,132,57,0
香港,2019-10-12,117,123,120,61,0
香港,2019-10-13,124,128,124,63,0
香港,2019-10-14,126,129,128,64,0
香港,2019-10-15,0,127,120,121,0
香港,2019-10-16,124,126,129,61,0
香港,2019-10-17,124,119,67,118,0
香港,2019-10-18,119,119,120,61,0
香港,2019-10-19,122,117,126,57,0
香港,2019-10-20,58,123,126,0,0
香港,2019-10-21,132,137,145,59,0
香港,2019-10-22,128,140,120,59,0
香港,2019-10-23,127,126,126,72,0
香港,2019-10-24,133,127,131,76,0
香港,2019-10-25,63,66,250,61,0
香港,2019-10-26,57,130,532,61,0
香港,2019-10-27,66,129,443,116,0
香港,2019-10-28,66,131,887,61,0
香港,2019-10-29,128,126,692,120,0
香港,2019-10-30,66,129,475,59,57
香港,2019-10-31,61,125,379,58,0
香港,2019-11-01,116,126,338,59,0
香港,2019-11-02,115,119,241,0,0
香港,2019-11-03,116,132,238,0,0
香港,2019-11-04,129,137,253,66,0
香港,2019-11-05,127,68,224,66,0
香港,2019-11-06,122,135,286,64,0
香港,2019-11-07,120,127,254,63,0
香港,2019-11-08,68,115,229,121,0
香港,2019-11-09,116,124,192,57,0
香港,2019-11-10,63,126,163,59,57
香港,2019-11-11,129,148,188,57,0
香港,2019-11-12,68,133,192,0,0
香港,2019-11-13,57,122,202,57,0
香港,2019-11-14,66,78,180,57,0
香港,2019-11-15,57,57,167,0,0
香港,2019-11-16,59,120,151,0,0
香港,2019-11-17,57,120,67,57,0
香港,2019-11-18,118,121,167,59,0
香港,2019-11-19,120,132,188,57,0
香港,2019-11-20,57,126,185,0,0
香港,2019-11-21,118,136,146,121,0
香港,2019-11-22,120,117,159,124,0
香港,2019-11-23,61,57,122,117,0
香港,2019-11-24,59,57,134,57,0
香港,2019-11-25,121,66,192,64,0
香港,2019-11-26,66,129,165,59,0
香港,2019-11-27,64,124,160,59,0
香港,2019-11-28,129,70,147,120,0
香港,2019-11-29,68,127,150,61,0
香港,2019-11-30,57,124,124,0,0
香港,2019-12-01,57,117,120,59,0
香港,2019-12-02,66,63,157,57,0
香港,2019-12-03,64,124,141,0,0
香港,2019-12-04,64,126,159,123,57
香港,2019-12-05,64,123,147,61,0
香港,2019-12-06,72,131,149,115,0
香港,2019-12-07,63,119,126,57,0
香港,2019-12-08,0,61,66,0,57
香港,2019-12-09,121,126,156,57,0
香港,2019-12-10,64,121,150,0,0
香港,2019-12-11,72,139,144,63,0
香港,2019-12-12,63,123,130,59,0
香港,2019-12-13,121,59,148,59,0
香港,2019-12-14,117,117,63,59,0
香港,2019-12-15,58,118,66,57,0
香港,2019-12-16,123,120,149,57,0
香港,2019-12-17,57,74,138,57,0
香港,2019-12-18,127,123,140,59,0
香港,2019-12-19,121,121,148,57,0
香港,2019-12-20,120,118,118,61,0
香港,2019-12-21,115,118,123,57,0
香港,2019-12-22,0,57,127,57,0
香港,2019-12-23,59,121,149,57,0
香港,2019-12-24,59,117,144,0,0
香港,2019-12-25,66,122,142,57,0
香港,2019-12-26,124,118,133,118,0
香港,2019-12-27,121,57,137,118,0
香港,2019-12-28,57,57,69,0,0
香港,2019-12-29,114,120,115,59,0
香港,2019-12-30,57,119,129,57,0
香港,2019-12-31,59,121,130,57,0
香港,2020-01-01,59,0,66,0,0
香港,2020-01-02,61,139,140,57,0
香港,2020-01-03,0,119,136,114,0
香港,2020-01-04,59,57,130,0,0
香港,2020-01-05,0,115,122,57,0
香港,2020-01-06,120,125,147,57,0
香港,2020-01-07,116,127,154,61,0
香港,2020-01-08,0,61,135,70,0
香港,2020-01-09,116,121,125,57,0
香港,2020-01-10,116,118,131,57,0
香港,2020-01-11,114,121,60,0,0
香港,2020-01-12,0,119,65,63,0
香港,2020-01-13,0,122,137,63,0
香港,2020-01-14,58,126,69,57,0
香港,2020-01-15,57,120,170,121,0
香港,2020-01-16,0,127,149,120,0
香港,2020-01-17,0,126,140,114,0
香港,2020-01-18,0,115,61,0,0
香港,2020-01-19,0,119,63,0,0
香港,2020-01-20,118,116,121,59,0
香港,2020-01-21,58,0,60,57,0
香港,2020-01-22,115,57,0,120,0
香港,2020-01-23,0,0,114,57,0
香港,2020-01-24,58,0,60,0,0
香港,2020-01-25,57,57,61,57,0
香港,2020-01-26,57,61,57,0,0
香港,2020-01-27,0,0,58,0,0
香港,2020-01-28,0,0,57,0,0
香港,2020-01-29,0,57,0,0,0
香港,2020-01-30,58,57,61,57,0
香港,2020-01-31,57,57,57,0,0
香港,2020-02-01,57,0,60,57,0
香港,2020-02-02,57,0,61,0,0
香港,2020-02-03,58,57,61,0,0
香港,2020-02-04,57,114,58,0,0
香港,2020-02-05,0,115,60,61,0
香港,2020-02-06,57,121,0,59,0
香港,2020-02-07,0,119,66,57,0
香港,2020-02-08,114,63,117,114,0
香港,2020-02-09,57,115,127,57,0
香港,2020-02-10,59,121,123,59,0
香港,2020-02-11,61,117,115,117,0
香港,2020-02-12,0,119,0,57,0
香港,2020-02-13,0,115,123,59,57
香港,2020-02-14,117,61,121,0,0
香港,2020-02-15,58,57,128,57,0
香港,2020-02-16,57,57,0,114,0
香港,2020-02-17,0,120,130,59,0
香港,2020-02-18,66,121,141,57,0
香港,2020-02-19,116,122,132,119,0
香港,2020-02-20,116,129,133,0,0
香港,2020-02-21,120,66,136,59,0
香港,2020-02-22,57,126,139,57,0
香港,2020-02-23,121,128,119,57,0
香港,2020-02-24,58,120,120,57,0
香港,2020-02-25,61,126,133,59,0
香港,2020-02-26,57,124,125,115,0
香港,2020-02-27,61,128,128,57,0
香港,2020-02-28,117,135,129,63,0
香港,2020-02-29,61,122,122,0,0
香港,2020-03-01,114,120,122,115,0
香港,2020-03-02,64,63,132,114,0
香港,2020-03-03,57,59,159,120,0
香港,2020-03-04,59,121,138,57,0
香港,2020-03-05,117,124,76,61,0
香港,2020-03-06,59,118,66,59,0
香港,2020-03-07,57,122,119,116,0
香港,2020-03-08,57,129,130,114,0
香港,2020-03-09,61,117,132,114,0
香港,2020-03-10,64,134,130,59,0
香港,2020-03-11,63,118,131,0,0
香港,2020-03-12,125,118,132,59,0
香港,2020-03-13,59,120,132,63,0
香港,2020-03-14,117,121,119,117,0
香港,2020-03-15,59,58,116,118,0
香港,2020-03-16,59,64,131,64,0
香港,2020-03-17,63,119,121,66,0
香港,2020-03-18,114,124,122,59,0
香港,2020-03-19,57,126,126,63,0
香港,2020-03-20,57,123,61,59,0
香港,2020-03-21,57,124,116,0,0
香港,2020-03-22,0,127,118,57,0
香港,2020-03-23,0,70,61,61,0
香港,2020-03-24,57,122,122,63,0
香港,2020-03-25,57,64,119,57,0
香港,2020-03-26,63,118,130,57,0
香港,2020-03-27,0,130,126,0,0
香港,2020-03-28,57,134,120,0,0
香港,2020-03-29,0,128,120,57,0
香港,2020-03-30,57,138,124,59,0
香港,2020-03-31,57,139,127,57,0
香港,2020-04-01,59,129,131,114,0
香港,2020-04-02,0,117,130,0,0
香港,2020-04-03,0,126,130,57,0
香港,2020-04-04,0,137,124,0,0
香港,2020-04-05,0,118,67,0,0
香港,2020-04-06,0,61,124,0,0
香港,2020-04-07,115,63,128,117,0
香港,2020-04-08,61,130,123,0,0
香港,2020-04-09,63,126,127,63,0
香港,2020-04-10,57,121,115,57,0
香港,2020-04-11,59,114,60,0,0
香港,2020-04-12,116,125,60,57,0
香港,2020-04-13,120,58,59,57,0
香港,2020-04-14,61,121,127,57,0
香港,2020-04-15,59,128,138,57,0
香港,2020-04-16,66,121,119,63,0
香港,2020-04-17,0,128,128,117,0
香港,2020-04-18,57,114,57,119,0
香港,2020-04-19,0,120,69,114,0
香港,2020-04-20,57,123,133,114,0
香港,2020-04-21,57,119,131,0,0
香港,2020-04-22,119,128,130,122,0
香港,2020-04-23,64,125,132,125,0
香港,2020-04-24,0,66,131,61,0
香港,2020-04-25,0,119,117,57,0
香港,2020-04-26,57,118,124,0,0
香港,2020-04-27,64,124,68,57,0
香港,2020-04-28,57,121,122,59,0
香港,2020-04-29,61,119,124,57,0
香港,2020-04-30,0,120,122,61,0
香港,2020-05-01,0,57,115,58,0
香港,2020-05-02,118,57,58,0,0
香港,2020-05-03,61,119,60,0,0
香港,2020-05-04,57,117,117,59,0
香港,2020-05-05,57,117,119,59,0
香港,2020-05-06,59,66,135,59,0
香港,2020-05-07,57,83,129,120,0
香港,2020-05-08,115,121,70,59,0
香港,2020-05-09,63,63,126,0,0
香港,2020-05-10,114,117,61,57,0
香港,2020-05-11,57,124,127,57,0
香港,2020-05-12,63,132,125,66,0
香港,2020-05-13,114,121,137,64,0
香港,2020-05-14,120,61,134,61,0
香港,2020-05-15,66,118,126,64,0
香港,2020-05-16,57,118,119,57,0
香港,2020-05-17,57,58,58,0,0
香港,2020-05-18,121,70,134,63,0
香港,2020-05-19,61,61,63,66,0
香港,2020-05-20,61,57,70,58,0
香港,2020-05-21,120,120,128,114,0
香港,2020-05-22,59,121,115,121,0
香港,2020-05-23,0,114,118,0,0
香港,2020-05-24,61,116,58,57,0
香港,2020-05-25,66,70,132,57,0
香港,2020-05-26,63,61,133,57,0
香港,2020-05-27,114,128,121,61,0
香港,2020-05-28,0,64,122,0,0
香港,2020-05-29,0,121,121,0,0
香港,2020-05-30,57,0,60,57,0
香港,2020-05-31,57,119,0,0,0
香港,2020-06-01,59,121,125,63,0
香港,2020-06-02,57,117,125,59,0
香港,2020-06-03,57,126,131,57,0
香港,2020-06-04,59,119,124,59,0
香港,2020-06-05,0,74,137,0,0
香港,2020-06-06,0,115,120,57,0
香港,2020-06-07,0,117,59,59,0
香港,2020-06-08,0,135,68,59,0
香港,2020-06-09,0,126,136,59,0
香港,2020-06-10,0,115,122,57,0
香港,2020-06-11,57,120,129,0,0
香港,2020-06-12,61,66,124,0,0
香港,2020-06-13,0,126,119,57,0
香港,2020-06-14,57,58,57,57,0
香港,2020-06-15,120,118,126,117,0
香港,2020-06-16,124,121,125,57,0
香港,2020-06-17,61,61,145,61,0
香港,2020-06-18,124,121,130,116,0
香港,2020-06-19,59,135,72,58,0
香港,2020-06-20,0,120,120,60,0
香港,2020-06-21,59,122,117,57,0
香港,2020-06-22,57,129,150,0,0
香港,2020-06-23,119,59,132,63,59
香港,2020-06-24,59,121,157,57,0
香港,2020-06-25,57,60,129,0,0
香港,2020-06-26,0,122,123,0,0
香港,2020-06-27,0,0,139,59,0
香港,2020-06-28,116,120,115,57,0
香港,2020-06-29,0,125,131,0,0
香港,2020-06-30,57,57,140,58,57
香港,2020-07-01,61,124,126,57,0
香港,2020-07-02,57,122,133,57,0
香港,2020-07-03,115,58,124,57,0
香港,2020-07-04,0,117,126,0,0
香港,2020-07-05,0,60,57,0,0
香港,2020-07-06,59,114,132,0,0
香港,2020-07-07,120,58,130,57,0
香港,2020-07-08,0,57,130,61,0
香港,2020-07-09,61,125,141,60,0
香港,2020-07-10,57,57,64,57,0
香港,2020-07-11,57,63,126,57,0
香港,2020-07-12,0,122,117,0,0
香港,2020-07-13,0,60,123,59,0
香港,2020-07-14,0,115,124,0,0
香港,2020-07-15,57,121,137,57,0
香港,2020-07-16,0,122,124,57,0
香港,2020-07-17,61,117,123,0,0
香港,2020-07-18,0,0,122,0,0
香港,2020-07-19,58,0,64,0,0
香港,2020-07-20,57,118,132,57,0
香港,2020-07-21,59,61,129,57,0
香港,2020-07-22,61,0,141,0,0
香港,2020-07-23,57,61,128,57,57
香港,2020-07-24,57,66,122,0,0
香港,2020-07-25,57,114,128,0,0
香港,2020-07-26,116,57,120,0,0
香港,2020-07-27,59,63,132,0,0
香港,2020-07-28,59,66,147,57,0
香港,2020-07-29,0,0,137,0,0
香港,2020-07-30,114,117,139,63,0
香港,2020-07-31,0,57,137,0,0
香港,2020-08-01,57,116,120,0,0
香港,2020-08-02,59,114,124,59,0
香港,2020-08-03,57,114,137,0,0
香港,2020-08-04,115,114,153,0,0
香港,2020-08-05,116,57,125,0,57
香港,2020-08-06,0,64,118,0,0
香港,2020-08-07,68,58,137,0,0
香港,2020-08-08,57,58,120,0,0
香港,2020-08-09,0,0,61,0,0
香港,2020-08-10,116,63,63,0,0
香港,2020-08-11,116,58,129,0,0
香港,2020-08-12,61,61,123,0,0
香港,2020-08-13,61,0,145,57,0
香港,2020-08-14,116,0,128,59,0
香港,2020-08-15,57,57,120,0,0
香港,2020-08-16,59,0,119,0,0
香港,2020-08-17,57,57,125,57,0
香港,2020-08-18,114,57,127,0,57
香港,2020-08-19,0,0,118,114,0
香港,2020-08-20,0,57,124,61,0
香港,2020-08-21,57,58,118,57,0
香港,2020-08-22,57,60,64,0,0
香港,2020-08-23,57,58,61,0,0
香港,2020-08-24,59,57,126,0,0
香港,2020-08-25,0,57,136,59,0
香港,2020-08-26,57,70,128,59,0
香港,2020-08-27,57,121,133,0,0
香港,2020-08-28,114,121,66,57,0
香港,2020-08-29,57,0,63,0,0
香港,2020-08-30,0,57,128,57,0
香港,2020-08-31,59,59,133,116,0
香港,2020-09-01,0,61,136,59,0
香港,2020-09-02,59,124,128,58,0
香港,2020-09-03,57,57,127,59,0
香港,2020-09-04,57,116,121,59,0
香港,2020-09-05,57,117,137,57,0
香港,2020-09-06,63,117,128,0,0
香港,2020-09-07,0,59,139,0,0
香港,2020-09-08,116,115,129,57,0
香港,2020-09-09,63,124,122,57,57
香港,2020-09-10,61,57,130,57,0
香港,2020-09-11,59,116,126,59,0
香港,2020-09-12,0,117,122,57,0
香港,2020-09-13,0,120,124,57,0
香港,2020-09-14,57,119,126,57,0
香港,2020-09-15,0,123,119,64,0
香港,2020-09-16,0,123,121,121,0
香港,2020-09-17,64,126,134,64,0
香港,2020-09-18,63,123,134,0,0
香港,2020-09-19,57,114,127,57,0
香港,2020-09-20,61,61,117,59,0
香港,2020-09-21,116,119,138,57,0
香港,2020-09-22,121,59,128,59,0
香港,2020-09-23,61,63,126,118,0
香港,2020-09-24,114,127,131,61,0
香港,2020-09-25,66,59,130,59,0
香港,2020-09-26,57,61,68,57,0
香港,2020-09-27,59,118,121,57,0
香港,2020-09-28,116,59,121,64,57
香港,2020-09-29,61,61,125,63,0
香港,2020-09-30,0,61,120,59,0
香港,2020-10-01,57,61,114,57,0
香港,2020-10-02,57,119,124,57,0
香港,2020-10-03,0,59,119,0,0
香港,2020-10-04,57,118,118,0,0
香港,2020-10-05,0,114,126,0,0
香港,2020-10-06,59,114,119,57,0
香港,2020-10-07,114,119,123,57,0
香港,2020-10-08,0,118,127,0,0
香港,2020-10-09,61,68,134,63,0
香港,2020-10-10,59,64,127,59,0
香港,2020-10-11,0,61,122,57,0
香港,2020-10-12,121,124,124,64,0
香港,2020-10-13,61,60,139,59,0
香港,2020-10-14,61,119,132,0,0
香港,2020-10-15,61,63,124,0,0
香港,2020-10-16,59,118,123,118,0
香港,2020-10-17,57,0,119,0,0
香港,2020-10-18,57,119,124,0,0
香港,2020-10-19,59,114,128,57,0
香港,2020-10-20,63,122,135,57,0
香港,2020-10-21,116,119,129,61,0
香港,2020-10-22,66,63,133,59,0
香港,2020-10-23,120,61,138,57,0
香港,2020-10-24,59,57,122,57,0
香港,2020-10-25,63,61,115,0,0
香港,2020-10-26,115,122,132,0,0
香港,2020-10-27,63,59,133,61,0
香港,2020-10-28,127,122,131,63,0
香港,2020-10-29,124,121,78,0,0
香港,2020-10-30,66,61,129,114,0
香港,2020-10-31,117,122,121,0,0
香港,2020-11-01,59,61,131,59,0
香港,2020-11-02,63,134,121,116,0
香港,2020-11-03,57,63,143,59,0
香港,2020-11-04,134,61,121,59,0
香港,2020-11-05,61,118,121,61,0
香港,2020-11-06,68,57,126,57,0
香港,2020-11-07,63,57,133,59,0
香港,2020-11-08,61,66,121,57,0
香港,2020-11-09,123,120,127,115,0
香港,2020-11-10,63,61,129,61,0
香港,2020-11-11,61,117,124,57,57
香港,2020-11-12,118,124,135,0,0
香港,2020-11-13,63,121,140,57,57
香港,2020-11-14,59,63,116,57,0
香港,2020-11-15,57,57,63,57,0
香港,2020-11-16,61,123,126,0,0
香港,2020-11-17,61,117,145,59,0
香港,2020-11-18,125,119,130,59,0
香港,2020-11-19,118,124,124,0,57
香港,2020-11-20,61,57,128,66,0
香港,2020-11-21,57,114,120,57,0
香港,2020-11-22,57,59,115,59,0
香港,2020-11-23,63,57,136,61,0
香港,2020-11-24,63,117,126,63,57
香港,2020-11-25,121,64,141,63,0
香港,2020-11-26,61,59,133,61,0
香港,2020-11-27,0,123,142,0,0
香港,2020-11-28,66,60,129,0,0
香港,2020-11-29,59,61,117,0,0
香港,2020-11-30,66,121,128,59,0
香港,2020-12-01,68,63,139,57,57
香港,2020-12-02,57,57,127,57,0
香港,2020-12-03,116,123,144,59,0
香港,2020-12-04,63,58,126,59,0
香港,2020-12-05,0,121,129,0,0
香港,2020-12-06,114,64,121,61,0
香港,2020-12-07,64,59,133,63,0
香港,2020-12-08,0,118,137,57,0
香港,2020-12-09,57,121,128,0,57
香港,2020-12-10,57,68,132,0,0
香港,2020-12-11,0,122,125,57,0
香港,2020-12-12,61,61,129,0,0
香港,2020-12-13,59,64,117,57,0
香港,2020-12-14,117,63,136,57,0
香港,2020-12-15,114,122,135,0,0
香港,2020-12-16,61,59,122,63,0
香港,2020-12-17,57,118,129,0,0
香港,2020-12-18,0,114,125,61,0
香港,2020-12-19,57,57,123,57,0
香港,2020-12-20,61,117,122,117,0
香港,2020-12-21,63,120,72,57,0
香港,2020-12-22,123,63,132,120,0
香港,2020-12-23,114,126,135,61,0
香港,2020-12-24,59,114,118,0,0
香港,2020-12-25,61,114,60,59,0
香港,2020-12-26,59,68,127,0,0
香港,2020-12-27,119,118,131,0,0
香港,2020-12-28,63,63,128,59,0
香港,2020-12-29,61,59,121,114,0
香港,2020-12-30,59,122,121,0,0
香港,2020-12-31,0,114,117,0,0
香港,2021-01-01,0,0,121,0,0
香港,2021-01-02,0,119,115,0,0
香港,2021-01-03,57,119,122,0,0
香港,2021-01-04,57,59,123,66,0
香港,2021-01-05,61,61,57,0,0
香港,2021-01-06,59,118,133,57,0
香港,2021-01-07,66,117,66,59,0
香港,2021-01-08,114,122,126,59,0
香港,2021-01-09,57,0,138,0,0
香港,2021-01-10,123,117,127,57,0
香港,2021-01-11,61,57,134,57,0
香港,2021-01-12,57,114,136,0,0
香港,2021-01-13,57,61,125,0,0
香港,2021-01-14,61,116,132,64,0
香港,2021-01-15,121,57,130,57,0
香港,2021-01-16,114,118,117,0,0
香港,2021-01-17,114,64,57,57,0
香港,2021-01-18,59,115,0,116,0
香港,2021-01-19,57,121,120,0,0
香港,2021-01-20,118,57,118,59,0
香港,2021-01-21,64,64,124,59,57
香港,2021-01-22,117,59,124,57,0
香港,2021-01-23,61,57,63,57,0
香港,2021-01-24,59,57,120,0,0
香港,2021-01-25,61,114,116,59,0
香港,2021-01-26,61,123,129,57,0
香港,2021-01-27,114,0,135,57,0
香港,2021-01-28,63,122,72,0,0
香港,2021-01-29,66,121,72,114,0
香港,2021-01-30,57,59,0,59,0
香港,2021-01-31,57,58,114,57,0
香港,2021-02-01,61,120,129,63,0
香港,2021-02-02,57,59,124,57,0
香港,2021-02-03,0,57,119,57,0
香港,2021-02-04,121,122,125,0,0
香港,2021-02-05,59,57,117,0,0
香港,2021-02-06,57,60,121,57,0
香港,2021-02-07,118,57,119,57,0
香港,2021-02-08,57,61,134,59,0
香港,2021-02-09,57,57,74,0,0
香港,2021-02-10,0,0,126,57,0
香港,2021-02-11,0,57,121,0,0
香港,2021-02-12,57,0,59,0,0
香港,2021-02-13,0,122,58,0,0
香港,2021-02-14,0,0,126,114,0
香港,2021-02-15,0,119,126,57,0
香港,2021-02-16,0,117,119,59,0
香港,2021-02-17,57,59,129,59,0
香港,2021-02-18,61,59,133,57,0
香港,2021-02-19,114,57,135,59,0
香港,2021-02-20,0,59,132,61,0
香港,2021-02-21,59,114,121,61,0
香港,2021-02-22,66,63,135,63,0
香港,2021-02-23,63,116,130,59,0
香港,2021-02-24,119,119,131,61,0
香港,2021-02-25,61,118,133,57,0
香港,2021-02-26,0,61,64,57,0
香港,2021-02-27,63,122,124,0,0
香港,2021-02-28,0,0,59,61,0
香港,2021-03-01,123,129,66,57,0
香港,2021-03-02,59,119,70,59,0
香港,2021-03-03,63,128,135,61,0
香港,2021-03-04,64,63,133,59,57
香港,2021-03-05,63,126,70,0,0
香港,2021-03-06,0,57,124,59,0
香港,2021-03-07,61,0,121,114,0
香港,2021-03-08,123,63,120,121,0
香港,2021-03-09,0,124,133,59,0
香港,2021-03-10,64,127,119,59,0
香港,2021-03-11,59,64,124,114,0
香港,2021-03-12,126,64,136,61,0
香港,2021-03-13,0,117,124,0,0
香港,2021-03-14,59,117,121,57,0
香港,2021-03-15,59,63,133,0,0
香港,2021-03-16,118,64,136,124,0
香港,2021-03-17,61,61,125,61,0
香港,2021-03-18,117,124,131,66,0
香港,2021-03-19,61,57,121,66,0
香港,2021-03-20,0,57,126,57,0
香港,2021-03-21,61,114,66,0,0
香港,2021-03-22,61,117,130,61,0
香港,2021-03-23,118,123,120,61,0
香港,2021-03-24,120,126,130,63,0
香港,2021-03-25,66,124,134,61,0
香港,2021-03-26,114,127,72,61,0
香港,2021-03-27,0,120,121,59,0
香港,2021-03-28,0,115,127,57,0
香港,2021-03-29,59,64,114,61,0
香港,2021-03-30,59,121,133,64,0
香港,2021-03-31,121,117,141,64,0
香港,2021-04-01,66,126,122,57,0
香港,2021-04-02,61,118,122,117,0
香港,2021-04-03,114,59,126,63,0
香港,2021-04-04,57,58,124,114,0
香港,2021-04-05,0,121,121,0,0
香港,2021-04-06,123,119,121,63,0
香港,2021-04-07,63,123,129,57,0
香港,2021-04-08,121,114,123,61,0
香港,2021-04-09,0,59,135,58,0
香港,2021-04-10,58,116,135,57,0
香港,2021-04-11,57,66,124,0,0
香港,2021-04-12,70,68,141,59,0
香港,2021-04-13,64,122,130,57,0
香港,2021-04-14,61,57,143,59,0
香港,2021-04-15,119,118,131,57,0
香港,2021-04-16,57,0,123,64,0
香港,2021-04-17,0,0,137,0,0
香港,2021-04-18,61,57,130,0,0
香港,2021-04-19,61,57,143,57,57
香港,2021-04-20,0,121,136,59,0
香港,2021-04-21,114,64,137,64,0
香港,2021-04-22,57,124,133,0,0
香港,2021-04-23,63,119,131,57,0
香港,2021-04-24,0,59,128,63,0
香港,2021-04-25,0,120,131,59,0
香港,2021-04-26,64,122,126,66,0
香港,2021-04-27,57,59,125,0,0
香港,2021-04-28,61,59,121,68,0
香港,2021-04-29,120,115,133,57,0
香港,2021-04-30,57,61,126,59,57
香港,2021-05-01,117,57,126,59,0
香港,2021-05-02,114,0,121,57,0
香港,2021-05-03,61,118,61,57,0
香港,2021-05-04,57,59,122,0,57
香港,2021-05-05,59,63,123,59,0
香港,2021-05-06,61,64,119,0,0
香港,2021-05-07,119,61,137,61,0
香港,2021-05-08,63,63,131,59,0
香港,2021-05-09,61,115,124,0,0
香港,2021-05-10,118,61,136,0,0
香港,2021-05-11,0,63,143,0,0
香港,2021-05-12,57,63,135,57,0
香港,2021-05-13,57,118,135,0,0
香港,2021-05-14,59,57,128,59,0
香港,2021-05-15,0,57,122,61,0
香港,2021-05-16,117,57,116,59,0
香港,2021-05-17,57,57,134,57,0
香港,2021-05-18,64,57,133,63,0
香港,2021-05-19,0,59,134,63,0
香港,2021-05-20,114,57,125,57,0
香港,2021-05-21,57,0,126,0,0
香港,2021-05-22,0,114,127,0,0
香港,2021-05-23,61,57,59,59,0
香港,2021-05-24,63,61,117,0,57
香港,2021-05-25,118,116,124,123,0
香港,2021-05-26,118,63,120,116,0
香港,2021-05-27,114,124,128,61,0
香港,2021-05-28,0,59,118,60,0
香港,2021-05-29,63,61,123,0,0
香港,2021-05-30,57,117,126,0,0
香港,2021-05-31,114,122,119,61,0
香港,2021-06-01,118,117,251,114,0
香港,2021-06-02,114,118,117,117,0
香港,2021-06-03,120,120,122,0,0
香港,2021-06-04,57,116,117,0,0
香港,2021-06-05,116,0,64,57,0
香港,2021-06-06,0,114,119,59,0
香港,2021-06-07,59,59,76,57,0
香港,2021-06-08,57,114,125,61,0
香港,2021-06-09,57,118,120,59,0
香港,2021-06-10,57,117,135,61,0
香港,2021-06-11,59,64,127,57,0
香港,2021-06-12,59,58,117,60,0
香港,2021-06-13,0,115,65,0,0
香港,2021-06-14,61,57,126,0,0
香港,2021-06-15,61,61,130,63,0
香港,2021-06-16,57,57,125,0,0
香港,2021-06-17,121,118,132,57,0
香港,2021-06-18,0,59,119,61,0
香港,2021-06-19,0,0,59,0,0
香港,2021-06-20,57,57,61,57,0
香港,2021-06-21,59,59,131,0,0
香港,2021-06-22,0,57,136,57,0
香港,2021-06-23,57,121,121,0,0
香港,2021-06-24,59,59,120,57,0
香港,2021-06-25,58,119,124,57,0
香港,2021-06-26,64,64,118,0,0
香港,2021-06-27,57,57,124,0,0
香港,2021-06-28,0,117,125,0,0
香港,2021-06-29,0,119,129,57,0
香港,2021-06-30,63,57,118,0,0
香港,2021-07-01,117,116,61,59,0
香港,2021-07-02,118,57,118,59,0
香港,2021-07-03,57,57,126,57,0
香港,2021-07-04,57,70,131,0,0
香港,2021-07-05,57,117,130,0,0
香港,2021-07-06,57,114,121,59,0
香港,2021-07-07,117,59,141,61,0
香港,2021-07-08,59,117,121,61,0
香港,2021-07-09,59,117,70,0,0
香港,2021-07-10,0,64,58,0,0
香港,2021-07-11,57,59,131,0,0
香港,2021-07-12,0,117,63,57,0
香港,2021-07-13,115,59,72,57,0
香港,2021-07-14,61,0,121,59,0
香港,2021-07-15,59,59,114,0,0
香港,2021-07-16,0,61,130,0,0
香港,2021-07-17,0,117,121,57,0
香港,2021-07-18,0,61,117,0,0
香港,2021-07-19,0,57,118,0,0
香港,2021-07-20,0,114,126,59,0
香港,2021-07-21,0,0,124,0,0
香港,2021-07-22,57,57,64,0,0
香港,2021-07-23,0,59,124,57,0
香港,2021-07-24,57,115,119,0,0
香港,2021-07-25,0,118,58,0,0
香港,2021-07-26,57,116,123,61,0
香港,2021-07-27,0,118,129,0,0
香港,2021-07-28,114,118,63,0,57
香港,2021-07-29,57,57,124,0,0
香港,2021-07-30,57,121,126,0,57
香港,2021-07-31,0,0,59,57,0
香港,2021-08-01,57,57,120,57,0
香港,2021-08-02,57,58,122,57,0
香港,2021-08-03,57,116,57,59,0
香港,2021-08-04,114,57,135,0,0
香港,2021-08-05,57,120,119,0,0
香港,2021-08-06,0,0,57,59,0
香港,2021-08-07,57,58,57,0,0
香港,2021-08-08,0,114,59,57,0
香港,2021-08-09,0,61,66,59,0
香港,2021-08-10,57,57,124,119,0
香港,2021-08-11,59,57,122,57,0
香港,2021-08-12,59,0,129,59,0
香港,2021-08-13,0,0,126,0,0
香港,2021-08-14,0,61,122,0,0
香港,2021-08-15,0,0,122,0,0
香港,2021-08-16,57,58,133,57,0
香港,2021-08-17,57,121,127,0,0
香港,2021-08-18,57,61,124,0,0
香港,2021-08-19,59,116,122,57,0
香港,2021-08-20,114,118,131,0,0
香港,2021-08-21,0,117,116,0,0
香港,2021-08-22,59,126,119,59,0
香港,2021-08-23,61,116,121,57,0
香港,2021-08-24,117,61,133,0,0
香港,2021-08-25,114,116,70,57,0
香港,2021-08-26,120,122,126,57,0
香港,2021-08-27,57,118,130,114,0
香港,2021-08-28,0,61,126,0,0
香港,2021-08-29,0,64,131,57,0
香港,2021-08-30,57,115,57,114,0
香港,2021-08-31,60,119,122,57,0
香港,2021-09-01,57,58,137,0,0
香港,2021-09-02,0,119,129,0,0
香港,2021-09-03,0,117,135,0,0
香港,2021-09-04,57,0,119,59,0
香港,2021-09-05,61,59,129,57,0
香港,2021-09-06,114,119,128,59,0
香港,2021-09-07,118,123,135,57,0
香港,2021-09-08,119,63,165,57,0
香港,2021-09-09,116,116,138,116,0
香港,2021-09-10,114,59,117,57,0
香港,2021-09-11,57,0,120,0,0
香港,2021-09-12,58,114,57,58,57
香港,2021-09-13,120,63,124,57,57
香港,2021-09-14,57,0,123,57,0
香港,2021-09-15,0,116,120,0,0
香港,2021-09-16,57,122,126,64,0
香港,2021-09-17,59,57,125,59,0
香港,2021-09-18,59,116,119,59,0
香港,2021-09-19,117,117,123,61,0
香港,2021-09-20,123,114,138,59,0
香港,2021-09-21,117,58,121,0,0
香港,2021-09-22,61,119,122,0,0
香港,2021-09-23,57,117,133,0,0
香港,2021-09-24,61,114,137,0,0
香港,2021-09-25,0,57,129,57,0
香港,2021-09-26,61,59,129,57,0
香港,2021-09-27,121,57,142,59,0
香港,2021-09-28,114,118,124,63,0
香港,2021-09-29,119,117,137,57,0
香港,2021-09-30,58,57,130,0,0
香港,2021-10-01,0,0,119,0,0
香港,2021-10-02,116,57,127,0,0
香港,2021-10-03,59,59,123,57,0
香港,2021-10-04,63,122,134,63,0
香港,2021-10-05,66,63,131,59,0
香港,2021-10-06,120,57,125,114,0
香港,2021-10-07,0,125,131,57,0
香港,2021-10-08,116,115,131,57,0
香港,2021-10-09,117,65,124,115,0
香港,2021-10-10,57,120,120,59,0
香港,2021-10-11,59,129,129,0,0
香港,2021-10-12,118,58,133,59,0
香港,2021-10-13,0,66,129,57,0
香港,2021-10-14,120,58,126,57,0
香港,2021-10-15,114,118,124,0,0
香港,2021-10-16,0,115,117,0,57
香港,2021-10-17,57,114,137,0,0
香港,2021-10-18,126,127,129,114,0
香港,2021-10-19,124,127,127,61,0
香港,2021-10-20,124,122,148,59,0
香港,2021-10-21,120,117,127,115,0
香港,2021-10-22,129,123,129,0,0
香港,2021-10-23,117,61,136,59,0
香港,2021-10-24,115,120,119,0,0
香港,2021-10-25,59,64,121,57,0
香港,2021-10-26,114,116,137,0,0
香港,2021-10-27,57,63,142,0,0
香港,2021-10-28,120,122,130,114,57
香港,2021-10-29,120,57,137,59,0
香港,2021-10-30,115,59,127,58,0
香港,2021-10-31,57,117,127,116,0
香港,2021-11-01,57,119,132,57,0
香港,2021-11-02,61,57,126,119,0
香港,2021-11-03,123,129,134,118,0
香港,2021-11-04,57,121,143,117,0
香港,2021-11-05,117,117,137,118,0
香港,2021-11-06,59,68,126,118,57
香港,2021-11-07,119,61,143,57,0
香港,2021-11-08,59,116,128,0,57
香港,2021-11-09,59,121,140,59,0
香港,2021-11-10,0,120,139,121,0
香港,2021-11-11,63,117,142,59,0
香港,2021-11-12,0,117,129,57,0
香港,2021-11-13,64,115,122,0,0
香港,2021-11-14,59,116,137,57,0
香港,2021-11-15,119,122,128,63,0
香港,2021-11-16,63,125,150,118,0
香港,2021-11-17,66,124,129,57,0
香港,2021-11-18,120,63,137,59,0
香港,2021-11-19,121,123,148,0,0
香港,2021-11-20,59,63,119,0,0
香港,2021-11-21,114,120,131,57,0
香港,2021-11-22,116,118,133,61,0
香港,2021-11-23,115,118,143,59,0
香港,2021-11-24,61,119,137,121,0
香港,2021-11-25,57,116,131,114,0
香港,2021-11-26,59,118,126,61,0
香港,2021-11-27,61,117,135,0,0
香港,2021-11-28,0,131,126,0,0
香港,2021-11-29,61,122,149,0,0
香港,2021-11-30,114,0,139,57,0
香港,2021-12-01,57,57,142,0,0
香港,2021-12-02,114,123,135,61,0
香港,2021-12-03,0,124,137,57,0
香港,2021-12-04,116,117,121,0,0
香港,2021-12-05,118,57,137,0,0
香港,2021-12-06,61,124,134,57,0
香港,2021-12-07,61,121,143,61,57
香港,2021-12-08,57,121,178,118,0
香港,2021-12-09,126,126,161,59,0
香港,2021-12-10,119,122,144,0,0
香港,2021-12-11,119,61,130,0,0
香港,2021-12-12,58,59,120,0,0
香港,2021-12-13,59,119,149,118,0
香港,2021-12-14,116,118,128,0,0
香港,2021-12-15,116,58,135,119,0
香港,2021-12-16,120,0,136,114,0
香港,2021-12-17,61,121,123,57,57
香港,2021-12-18,61,0,129,114,0
香港,2021-12-19,68,117,129,57,0
香港,2021-12-20,59,117,134,59,0
香港,2021-12-21,57,57,130,0,0
香港,2021-12-22,59,57,133,57,0
香港,2021-12-23,59,57,130,57,57
香港,2021-12-24,57,117,129,57,0
香港,2021-12-25,114,57,131,114,0
香港,2021-12-26,61,57,127,57,0
香港,2021-12-27,114,122,126,57,0
香港,2021-12-28,57,117,137,0,0
香港,2021-12-29,114,137,154,59,0
香港,2021-12-30,121,117,154,0,0
香港,2021-12-31,60,132,130,57,0
